1.28165
0.2293244
0
0
1.712398
1.590735
0
0
0.7360159
0
0
0
0
0
0
1.202894
1.535667
0
0
0
1.614912
1.360431
0
0
0
0.8249146
0.8957382
0.8675433
0
0
0.899237
0
0
0.007856477
0.1510236
0.1710818
0
0
0.0831892
0
0.7014323
0.9800943
0
0
1.483244
1.557425
0.6474946
0
0
0
0
0
0
0
0
0.3456154
0.9338657
0.1734184
0
0
1.185608
1.09184
0
0
0.5710593
0
0
0
0.6258579
0.5867333
0
0
0
1.545085
1.672044
1.620689
0
0
1.59517
0
0.5004366
0
0
0
0.5497655
0.5167139
0
0
0
0.3813735
0.9085728
0.9738083
0
0
0.6078437
0.1714771
1.263542
0
0
0
0.5129536
0.1073805
0
1.09841
0.6778566
0
0
0
0
0
0
1.478476
0
0.3665701
0.2188623
0.1977864
0
0.06421656
0.2751372
0
0
1.096781
1.610277
1.644577
0
0
1.280391
0
0
0
0
0
0
0
0
0.06145301
0
0.760394
1.44239
1.52854
0
0
0.9939975
0.1917662
0
0
0.7579059
0.9039736
0
0
0.1938128
1.119309
1.700328
0
0
0
1.614875
1.259948
0
0
0.2831644
0
0
0
0
0
0
0.7858334
0.8952062
0
0
0
0.7717274
0.6313867
0
0
0
1.56489
1.125992
0.9661626
0.2592292
0.6569741
1.417249
0
1.696468
0
0
0
1.55338
1.226964
0
0
0
1.403217
1.217676
1.111639
0.1358621
0.4193315
1.380561
0
0
1.023669
1.742288
1.839771
0
0
1.307948
0.6252479
0
0
0
0
0
0
0
1.558635
0
0
0
0
0
0
0
0.6442362
1.304064
0
0
0
0.5759814
0.1250208
0
0.6722072
0
0
0.5037177
0.7023243
0
0
0
1.202834
1.361216
0
0
0
0.8541275
0.4704539
0
0.6938765
0
0
0
0.07338382
0
0
0
1.496353
0
0
0.2050996
0.6098449
0
0
0
3.275125
0
3.139324
3.145124
2.991772
0
0
3.244355
0
0
0
1.3853
1.704831
0
0
0.1802101
2.610255
2.148272
0
0
0
1.302309
0.9841498
0
0
0.6128584
0
0
0
0.5959762
0.5439929
0
0
0
0
0
0
0
0
0
3.352743
0
0.6460677
0.1231976
0
0.4993981
0.5892254
0.4437425
0
0
0
0.2926291
0.5398418
0
0
0
2.182067
0
0
0.4847888
0.704475
0
0
0
1.139851
3.527095
0
0
0
2.196982
1.720957
0
0.01627861
0
0
0.3390525
0.5096825
0
0
0
1.145809
2.02686
0
0
0
2.177138
2.065184
0
0
0
2.76074
3.297488
3.248485
0
0
3.086513
0
0
3.674934
3.415638
3.206391
0
0.1653382
3.67528
0
0.6884227
0
0
0
0.1273421
0.01617818
0
0.286713
3.35477
0
0
0
2.924281
2.648382
0
0
0
0.3023353
0.2884708
0.2333944
0
0
0.3163587
0
3.125244
0
0
0
3.183227
3.040022
0
0
1.395635
1.731886
0.0361339
0
2.524695
2.713901
1.012764
0
0
0
2.02019
2.325386
0
0
0.7984143
2.353299
0
2.210768
2.055026
1.918661
0
0
2.219129
0
0
0
1.220707
1.41598
0
0
0.5070472
1.206092
2.327346
0
0
0
0.2682236
0
0
1.825829
0
0.4418217
2.16584
2.387778
0
0
1.228005
1.984329
2.31965
0
0
0
0.8752976
0.4089321
0
1.141624
3.436567
0.02415876
0
0
3.613952
3.483869
0
0
0
3.388047
2.06286
1.728579
1.258452
1.793857
2.895117
0
0
1.481508
0.7313205
0.5082473
0.5923768
0.8146351
1.212339
0
0
2.320292
3.290982
3.310323
0
0
2.835494
0
1.267218
2.064192
0
0
2.820382
3.098053
1.157905
0
0
1.859057
2.774451
2.810499
0
0
2.327615
0.4166459
0
3.002907
1.310637
0.9368883
1.917433
2.36928
2.333313
0
0
0
0
0
0
0
0
0
0
0
0.172755
3.428105
0
2.157659
2.655074
1.20095
0
0
0
0.5430405
0
0
0
0
0.7620232
1.460129
0.4777599
0
1.516661
0
0
0
0.6353707
0.4987202
0.5703107
0
0.4094871
0.2673149
0.152301
0.5090256
0
0
0
0
0
0
0
0
0
0
0.0859176
0.8155423
0
0.607906
0.6519759
0.4007213
0
0
0
0
0
0
0
0
0
0
0
0.5857136
0
0
0.07321128
0
1.816512
3.294815
1.353199
0
3.338843
0
0
0.2560586
0
0
0
0
0
0
0
0
1.617312
1.85763
1.456429
0
1.705058
0.3902573
0.03133506
1.041027
0
0
0
3.342212
0
1.638574
2.138147
0.64524
0.1612571
0
0.680053
3.6758
0
2.687747
3.187928
1.731862
0.5380158
0.7451695
0.4092244
0
0.6866155
0
0
0.1690319
2.623528
3.428321
2.301667
0
3.241222
0.2626894
0
1.39628
0
0
0
0.1769308
0
0
0
0
3.14545
3.342769
2.918813
0
2.971598
1.180009
0.7060922
2.213317
2.82811
2.274346
2.877704
0
1.78721
2.154009
1.931375
2.618189
0
0
0
1.421061
0
0
0
0
0
0
0.2285074
1.559032
0
1.179686
1.394607
0.6545185
0
0
0
0.4637174
0
0
0
0
0
1.865458
0
0
2.290435
0
0
0
0
0
0
1.850011
0
0
0
0
0.08152596
1.710765
0
0
2.042105
0
0
0
3.414673
3.320303
3.216921
0
2.944787
1.772233
1.334863
2.705829
1.871797
0
2.259771
2.634972
0
3.307706
3.550615
2.923399
0.5660288
0.06155012
0.7137027
0.3091068
0
0.8456023
0.7562965
0.8027414
0
0
0
3.195132
0
0.9100264
1.4897
0
3.091484
1.755552
3.224839
0.7696521
1.107865
2.973495
2.854404
3.306538
0
0
0
2.746368
0
0.6561616
1.120269
0
2.347059
0.439028
2.655411
2.148368
0
3.328475
3.453452
3.173972
3.263747
2.134315
3.537129
0.4521353
1.513087
3.231307
2.772841
3.749102
0.2187891
2.047454
0
0
2.589345
0
0
0
3.247361
2.765138
3.304224
0
2.351574
2.376196
1.77283
3.215942
0
0
0
1.398421
0
0.2224369
0.5756811
0
0
0
0
0
0
0
0
0
2.543557
0.8686209
3.028081
1.806825
0.1430863
3.612943
3.457157
3.570011
0
0.2692754
0
0
0.4682984
0
0
0
2.250585
1.414651
2.467525
0.5133052
0.9787899
2.35973
2.072601
2.644724
0.5732114
0.814415
0.4618334
0
0.7824655
0
0
0.3315858
0
0
0
3.283029
0
0.9176553
1.686553
0
1.17119
0.7456982
1.275326
0.007738791
0.4903841
1.121703
0.9594206
1.360779
0
0
0
1.059028
0
0
0
0
1.14959
2.631838
0.6134267
0
3.006468
0
0
0
0
1.891249
0
0
2.531142
0
0
0
0
0
0
0.5774437
0
0
0.01454202
0
0
0
0
2.545413
0
0
0.5156089
0
0.3054593
0.3652372
0.2631435
0
0.3758235
0
0
0.1616399
0
0
0
1.757715
0
0
0
0
0
0
0
0.4736465
0
0
0
0
3.311789
3.300361
3.200905
0
3.021718
1.742908
0.9910871
2.881888
0
0.7450932
0
0
1.043659
0
0
0
1.515471
1.46315
1.469744
0
1.299505
0.7887695
0.4572002
1.360393
0.08787399
0
0.7729265
3.41662
0
2.757442
3.232526
1.710279
2.941925
3.154153
2.775477
0
3.003484
1.385289
0.7247837
2.413378
0.09976726
0
0.631845
2.793475
0
2.213969
2.584468
1.335255
0
0
0
1.562794
0
0
0
0
0
0.0329383
0
0
0.7643496
0
0
0
0
0
0
0
0
0
0
0
1.559348
2.9424
1.031132
0
3.23362
0
0
0.2263058
0
0
0
0
0
0
0
0
1.850547
2.824564
1.459651
0
2.999893
0
0
0.8346838
0
0
0
0
0.1290501
0
0
0
1.125748
0
3.259014
0.8589316
2.40777
0
3.233302
1.947799
2.696251
3.276357
0
2.904875
1.709786
2.832021
0.3110446
2.22771
1.895529
0.1429679
2.86372
1.680537
2.929386
0
3.400263
2.609044
0
0
0
0
0
0
0
0
0.2720665
0.577896
0
0.3358918
0
0.622211
0
0.09124463
0.1233973
0
3.194919
0
1.443981
0
2.521014
0.913173
1.294219
0.9471301
0.1398314
1.299567
1.295167
0.1522087
0.998693
1.38143
0.7545747
0
3.057153
0.504238
1.93784
0
2.781193
1.512859
0.2508419
1.185261
0
0.4159505
0
1.838685
0
0
0
0
0.2193165
0
0
0
0
0
0
0
1.469068
0
0
0
0.636233
0
0
0
0
0
0
0
0
0
2.97554
3.106244
0
3.109058
2.343249
2.301594
1.236877
2.720449
2.307358
3.142033
0
2.543501
1.187786
3.051187
0
1.744583
0
0.1996553
0
0
0
1.563953
0
0
0
0
0
0
0
0
0
0
0.5301292
0.05331682
0.5590893
0.4827844
0.7700385
0
0.8294328
0.7232448
0
0
0
0
0
0.3641151
0
0
0
0
0
0
0
0.5200191
0
0
2.878588
1.468823
1.896682
2.759765
3.460043
0
3.33706
3.353489
0
0
0
0
0
0
0
0
0.3094198
0.05397426
0.1968515
0.2857902
0.4247252
0
0.4213703
0.3868649
0
0
2.328709
0
0
0
0
0
3.096737
2.133487
1.378267
3.048356
3.345343
0.4286124
2.963073
3.36386
0
0
2.659734
0
0
0
1.018773
0
0
0
0
0
0
1.404503
0
0
0.6853078
2.292128
0
0.9853799
0
3.340259
0
0
0
0
0.7977538
0
0
0
0.1354043
0
3.077758
2.980934
0
3.188639
2.561461
1.877075
1.475345
2.90576
0
0.8550907
0
0
0
2.535731
0
0
3.296835
2.955871
0.05502889
3.362923
2.995056
1.660824
2.102193
3.250704
0.5516087
2.221121
0
0.8556565
0
3.342937
0
0
0
0
0.1601352
0
0
0
0
0
0.5589054
0
1.355207
0.4683557
1.08384
0
1.461739
0.8502672
0
0
0.5832334
0
0
0
0
0
0
0
0
0
0
0
0
0
0.02805921
0
0.02335887
0
0.1090262
0
0.1387953
0.05770436
0
0
0
0
0
0
0
0
0
0
0.4352895
0
0
0
0.1623827
0
0
0
0.07304991
0
0
0
0
0
0.6687699
0.3878056
0.2371896
0.6413354
0.6993656
0
0.6471874
0.7230577
0.06429362
0.7574466
0
0.1579703
0
1.360736
0
0
0
0
0
0
0
0
0
0
0
0.1795743
0
0
0
0.386432
0
0
0.4490195
0
1.545154
0.36644
0.9792381
0
1.407367
0.7751726
0.7896944
0.1497509
1.248457
0.7175289
1.238958
0
1.534243
1.015605
0.8943786
0.852078
0
0.8973332
0.6680336
0.4547479
0.3616517
0.7514099
0.3724335
1.045849
0
0.4727322
0
1.509717
0
0
0
0
0.0696895
0
0
0
0
0
0.9289859
1.386907
0
1.003933
0.3472207
1.437241
0
0.4770024
1.051751
1.529837
0
1.153888
0.5581892
1.55761
0.05322903
0.6500208
0
0
1.080485
0
0
0
0.07826342
0
0
0.05273317
0
0
0
0.1042867
0
0
0
0
0.05207022
0
0
0
0
0
0
0
0
0
0
0.8197722
0
0
0
0
1.423702
0
0.1346711
0
0.6655428
0.01064637
0
0
0
0
0
0.5321855
0
0
1.200551
1.321033
0
1.210185
0.8877631
1.139758
0.4979784
0.9116676
1.323742
0.9135006
0.6039054
1.289503
1.462764
0.00195718
1.427505
1.308879
0
0
0
0
0
0
0
0
0.01291828
0
1.415472
0
0.612116
0
1.118537
0.403911
1.344416
1.247867
0
1.346017
1.180637
0.6271571
0.8727061
1.118082
0.08054326
0
1.60566
0
0.6655647
0
1.176897
0.470459
1.354657
0.948418
0.5296516
1.312391
1.465554
0.0543756
1.394357
1.310251
0
0
0
0
0
0
0
0
0
0
0
0
0
0
0
0
0
0
0.02763184
0
0
0
0
0
0
0
0
0
0
0
0
0
0
0
0
0
0
0
0
0
0
0
0.07391244
0
0
0
0
0
0
0
0
0
0
0
0
0
0
0
0.09875157
0.001943291
0.02745585
0.008012959
0
0
0
0
0
0
0
0
0
0
0.05954632
0
0.02646062
0.06989089
0
0
0
0.04057013
0
0
0
0
0
0
0
0
0
0
0
0
0
0
0
0
0.1230804
0.2354319
0.1216816
0.1076787
0.2151419
0.2129696
0.1903839
0.1448923
0
0.01463772
0
0
0
0.001252657
0
0
0
0
0
0
0
0
0
0
0.1257273
0
0.06550264
0.1318905
0
0.01082806
0.05651845
0.1189812
0
0
0
0
0
0
0
0
0.07184473
0
0
0.0647875
0
0
0.02225634
0.07641732
0.3252417
0.1692793
0.1979352
0.3169698
0.2124974
0.2270009
0.2767203
0.3355992
0
0
0
0
0
0
0
0
0
0
0
0
0
0
0
0
0
0
0
0
0
0
0
0
0
0
0.04413256
0.0204676
0
0
0
0
0.1520618
0.2813123
0.2385564
0.1545547
0.2644489
0.2506351
0.2038302
0.1499421
0.135126
0.07405946
0.2252675
0.1621071
0.09765062
0.08831892
0.08486158
0.1118919
0.3224626
0.2881768
0.2577666
0.3132429
0.2526445
0.2698051
0.309778
0.3361815
0
0
0
0
0
0
0.007363266
0.00168236
0
0
0
0
0
0
0
0
0
0
0
0
0
0
0
0
0
0
0
0
0
0
0
0.005172143
0.1107662
0.2487641
0.1564487
0.1029779
0.2221331
0.215031
0.1792976
0.1255531
0
0
0
0
0
0
0
0
0
0
0
0
0
0
0
0.04037567
0
0.06780553
0.09521335
0
0
0
0
0
0.0329346
0
0.06581095
0.03952743
0
0
0
0.07954548
0
0
0
0
0
0
0
0
0
0
0
0
0
0
0
0
0.04084154
0
0
0.01954842
0
0
0
0.09198686
0
0
0
0
0
0
0
0
0.07286835
0
0.04513077
0.07052389
0.02130714
0.02377518
0.03431013
0.1127509
0
0
0
0
0
0
0
0
0
0
0
0
0
0
0
0
0
0
0
0
0
0
0
0
0
0
0
0
0
0
0
0
0.1865295
0.2980208
0.3526752
0.2168015
0.2170804
0.219293
0.20989
0.1775556
0
0.1318837
0.1366781
0
0
0.0001872231
0
0
0
0
0
0
0
0
0
0
0.001060203
0
0
0
0
0
0.001254629
0
0
0
0
0
0
0
0
0
0
0
0
0
0
0
0
0
0.1749504
0.2957443
0.1667368
0.1873283
0.212923
0.2118839
0.2147287
0.1521899
0
0
0.06314237
0
0
0
0
0.01693332
0
0
0
0
0
0
0
0
0
0
0
0
0
0
0
0
0
0
0
0
0
0
0
0
0.2805095
0.2463318
0.3686146
0.2915902
0.2643769
0.2671563
0.264683
0.3043846
0.149332
0
0
0.115602
0.08909354
0.08767307
0.1013829
0.1628372
0.2338087
0.2650088
0.1499652
0.2114793
0.2534826
0.2486565
0.2439651
0.1871023
0
0.1116548
0.04173295
0
0
0
0
0
0
0
0
0
0
0
0
0
0
0.02271928
0.1027921
0
0
0
0
0
0
0.02613956
0
0
0
0
0
0
0.2131435
0.2626469
0.3471871
0.233153
0.2222826
0.2242176
0.2177735
0.2125868
0
0.08241497
0
0
0
0
0
0
0
0
0
0
0
0
0
0
0
0
0
0
0
0
0
0
0
0
0
0
0
0
0
0
0
0
0
0
0
0
0
0
0
0
0
0
0
0
0
0
0
0.02254833
0
0
0
0
0
0
0
0
0
0
0
0
0
0
0
0.04763269
0
0.01248764
0.0278572
0.009687298
0
0
0
0
0
0
0
0
0
0
0.0003961092
0.02541096
0
0.01052567
0
0
0
0
0
0
0
0
0
0
0
0
0
0
0
0
0
0
0
0
0.1706227
0.1351823
0.2104278
0.1569586
0.2149394
0.2132097
0.1912533
0.1838973
0
0
0.01418399
0
0
0.000712706
0.01440049
0
0
0
0
0
0
0
0
0
0.06480706
0.0727495
0.03160642
0.07139938
0
0.009633243
0.07648434
0.05770266
0
0
0
0
0
0
0
0
0.01633121
0
0.004350767
0.01247085
0
0
0.05388409
0.01265852
0.2743538
0.2420991
0.2522962
0.2682917
0.2125884
0.2254514
0.3109049
0.2754269
0
0
0
0
0
0
0
0
0
0
0
0
0
0
0
0
0
0
0
0
0
0
0
0
0
0.01125156
0
0
0
0
0
0
0.2041387
0.2160145
0.2244108
0.2047598
0.2643893
0.2520356
0.177419
0.2073289
0.1099414
0.1696418
0.07009201
0.132346
0.09815624
0.08894067
0.06710065
0.101208
0.2925638
0.2716062
0.3068657
0.2871257
0.2525121
0.2681769
0.3365257
0.2957649
0
0
0.01607078
0
0
0
0.04218121
0
0
0
0
0
0
0
0
0
0
0
0
0
0
0
0
0
0
0
0
0
0
0
0.02460972
0
0.1652287
0.1498405
0.2030864
0.1577346
0.2220102
0.215729
0.1678005
0.1765184
0
0
0.007063219
0
0
0
0.0327306
0
0
0
0
0
0
0
0
0
0
0
0
0
0
0
0
0
0.007815469
0.005438296
0
0.0139757
0
0
0.01166741
0.04507792
0
0
0
0
0
0
0
0
0
0
0
0
0
0
0
0
0.01014825
0
0
0
0
0
0.01146072
0.04943674
0
0
0
0
0
0
0
0
0.04673819
0.03125298
0.02874772
0.04608465
0.02114775
0.02342424
0.05006481
0.07818248
0
0
0
0
0
0
0
0
0
0
0
0
0
0
0
0
0
0
0
0
0
0
0
0
0
0
0
0
0
0
0
0
0.196882
0.2452238
0.2161574
0.2192822
0.217452
0.218648
0.1946788
0.1918599
0
0.02834264
0
0
0
0
0
0
0
0
0
0
0
0
0
0
0.00419506
0
0.0009413736
0
0
0
0.006044204
0
0
0
0
0
0
0
0
0
0
0
0
0
0
0
0
0
0.1928867
0.2076204
0.2281111
0.2027114
0.2127747
0.2124181
0.2068463
0.1738363
0
0
0
0
0
0
0
0
0
0
0
0
0
0
0
0
0
0
0
0
0
0
0
0
0
0
0
0
0
0
0
0
0.2696337
0.2834694
0.2610007
0.2781249
0.2646877
0.2663172
0.2667871
0.2897865
0.1254382
0.07619893
0.090112
0.1005026
0.08837259
0.08845205
0.1195284
0.1351576
0.2490928
0.2337071
0.2401268
0.2307015
0.2531001
0.2497876
0.2353237
0.2120959
0
0
0
0
0
0
0
0
0
0
0
0
0
0
0
0
0
0
0
0
0
0
0
0
0
0
0
0
0
0
0
0
0.2144509
0.2485823
0.2180137
0.2291077
0.2225434
0.2236271
0.2089705
0.2161037
0
0
0
0
0
0
0
0
0
0
0
0
0
0
0
0
0
0
0
0
0
0
0
0
0
0
0
0
0
0
0
0
0
0
0
0
0
0
0
0
0
0
0
0
0
0
0
0
0
0.04909982
0
0
0
0
0
0
0
0
0
0
0
0
0
0
0.0005533136
0.06141654
0
0.0162042
0.02833827
0.002910818
0
0.001458163
0
0
0
0
0
0
0
0
0
0.08466304
0
0
0
0
0
0
0
0
0
0
0
0
0
0
0
0
0
0
0
0
0
0
0.1857327
0.07990202
0.2224438
0.17377
0.2145651
0.2122025
0.1958714
0.1955568
0
0
0.04871246
0
0
0.00289956
0
0
0
0
0
0
0
0
0
0
0.04565089
0.1260798
0.04441425
0.05057014
0.0002256389
0.01457806
0.03750655
0.03792796
0
0
0
0
0
0
0
0
0
0.03096658
0.04231136
0
0
0
0
0
0.2583456
0.2704146
0.2833171
0.2515394
0.2128112
0.2318513
0.2517391
0.2550194
0
0
0
0
0
0
0
0
0
0
0
0
0
0
0
0
0
0
0
0
0
0
0
0
0
0.07713789
0
0
0
0
0
0
0.2204081
0.1791387
0.1993432
0.2220695
0.2641949
0.2462673
0.2255068
0.226238
0.1015998
0.2186824
0.03021381
0.1220334
0.09887154
0.08650241
0.09260138
0.09852697
0.283691
0.2828015
0.3467661
0.2778907
0.2524183
0.2748319
0.2890784
0.2821286
0
0
0.0725574
0
0
0
0
0
0
0
0
0
0
0
0
0
0
0
0
0
0
0
0
0
0
0
0.04310922
0
0
0
0
0
0.1824688
0.09762621
0.2004088
0.1764373
0.2217276
0.2128455
0.1925086
0.1924835
0
0
0.06628925
0
0
0
0
0
0
0
0
0
0
0
0
0
0
0.001448587
0
0
0
0
0
0
0.0001240625
0.03210183
0
0.005229476
0
0
0
0.03037068
0
0
0
0
0
0
0
0
0
0
0
0
0
0
0
0
0
0
0
0
0
0
0
0.0310219
0
0
0
0
0
0
0
0
0.03792434
0.05009691
0.03023547
0.03799285
0.02094331
0.02522132
0.02708725
0.06385314
0
0
0
0
0
0
0
0
0
0
0
0
0
0
0
0
0
0
0
0
0
0
0
0
0
0
0
0
0
0
0
0
0.2026428
0.2629877
0.2022119
0.2193407
0.2179311
0.2213571
0.2156011
0.1977278
0
0.03925538
0
0
0
0.001452709
0
0
0
0
0
0
0
0
0
0
0.003188117
0
0.01711937
0
0
0
0
0
0
0
0
0
0
0
0
0
0
0
0
0
0
0
0
0
0.1986459
0.1866849
0.2443647
0.2074376
0.2125913
0.2098294
0.216826
0.1837253
0
0.0006658912
0
0
0
0
0
0
0
0
0
0
0
0
0
0
0
0
0
0
0
0
0
0
0
0
0
0
0
0
0
0
0.2673028
0.3076983
0.2478299
0.2733231
0.2650858
0.2701149
0.2636683
0.2830707
0.1153722
0.07427005
0.09890171
0.09647753
0.08744184
0.08534371
0.09433879
0.1242166
0.2529029
0.2112571
0.2406807
0.2378767
0.2526021
0.2447571
0.249086
0.2229928
0
0
0
0
0
0
0
0
0
0
0
0
0
0
0
0
0
0.003562004
0
0
0
0
0
0
0
0
0
0
0
0
0
0
0.2167612
0.2705471
0.2020031
0.2272727
0.222877
0.2262303
0.2211842
0.2173299
0
0
0
0
0
0
0
0
0
0
0
0
0
0
0
0
0
0
0
0
0
0
0
0
0
0
0.001751926
0.0006197778
0
0
0
0
0
0
0
0
0
0
0
0
0
0
0
0
0
0
0
0
0
0.01632381
0
0
0
0
0
0
0
0
0
0
0
0
0
0
0.001278315
0.04772258
0.02771183
0.02542792
0.02892564
0.005841972
0
0.00706203
0
0
0
0
0
0
0
0
0
0
0
0
0
0
0
0
0
0
0
0
0
0
0
0
0
0
0
0
0
0
0
0
0.1929856
0.1598893
0.234296
0.2393244
0.2138675
0.2126493
0.1932673
0.2009398
0
0
0.01376722
0.01864781
0
0.001952818
0
0
0
0
0
0
0
0
0
0
0.03708022
0.04624984
0
0
0.0009763147
0.01240435
0.0449726
0.02828904
0
0
0
0
0
0
0
0
0
0
0
0
0
0
0.006232283
0
0.2515652
0.2264424
0.2004028
0.1942858
0.2132872
0.2290418
0.2609987
0.2447373
0
0
0
0
0
0
0
0
0
0
0
0
0
0
0
0
0
0
0
0
0
0
0
0
0
0
0
0
0
0
0
0
0.2273782
0.2360975
0.2814472
0.2851475
0.2637352
0.2487943
0.2172446
0.2355753
0.09689495
0.1507611
0.07915769
0.07622346
0.09994258
0.08753198
0.09023238
0.09743918
0.2805527
0.260635
0.2389733
0.2424765
0.2524211
0.2719322
0.2968747
0.275325
0
0
0
0
0
0
0
0
0
0
0
0
0
0
0
0
0
0
0
0
0
0
0
0
0
0
0
0
0
0
0
0
0.1903977
0.1745594
0.2403111
0.246275
0.2211357
0.2141112
0.1871638
0.2001065
0
0
0
0
0
0
0
0
0
0
0
0
0
0
0
0
0
0
0
0
0
0
0
0
0
0
0
0
0
0
0
0.02187396
0
0
0
0
0
0
0
0
0
0
0
0
0
0
0
0
0
0
0
0
0
0
0
0.02027577
0
0
0
0
0
0
0
0
0.03338592
0.02079022
0.02071435
0.01922607
0.02066444
0.02432162
0.02936241
0.0556669
0
0
0
0
0
0
0
0
0
0
0
0
0
0
0
0
0
0
0
0
0
0
0
0
0
0
0
0
0
0
0
0
0.20698
0.2284572
0.2096934
0.2068376
0.2185725
0.2201528
0.2140436
0.2011098
0
0.01469558
0
0
7.274815e-05
0.0007432667
0
0
0
0
0
0
0
0
0
0
0.001305701
0
0.005471217
0.009500002
0
0
3.60416e-06
0
0
0
0
0
0
0
0
0
0
0
0
0
0
0
0
0
0.2010927
0.220956
0.2073463
0.2140976
0.212364
0.2110877
0.2163815
0.1895984
0
0
0
0
0
0
0
0
0
0
0
0
0
0
0
0
0
0
0
0
0
0
0
0
0
0
0
0
0
0
0
0
0.2670648
0.2655867
0.260261
0.2563182
0.2656098
0.2683416
0.2640317
0.2790903
0.1090447
0.082595
0.1020645
0.1013868
0.08618978
0.08667427
0.09631793
0.1180794
0.2541304
0.2497337
0.2671311
0.2660277
0.2519331
0.2470804
0.2472634
0.2293426
0
0
0
0
0
0
0
0
0
0
0
0
0
0
0
0
0
0
0
0
0
0
0
0
0
0
0
0
0
0
0
0
0.2191883
0.230187
0.2186616
0.2143116
0.2233175
0.2250348
0.2202505
0.2180153
0
0
0
0
0
0
0
0
0
0
0
0
0
0
0
0
0
0
0
0
0
0
0
0
0
0
0.001260691
0.002787264
0
0
0
0
0
0
0
0
0
0
0
0
0
0
0
0
0
0
0
0
0
0.0159217
0
0
0
0
0
0
0
0
0
0
0
0
0
0
0
0.04549361
0.02921792
0.0253458
0.02966072
0
0.001914188
0.01042427
0
0
0
0
0
0
0
0
0
0.005484025
0
0
0
0
0
0
0
0
0
0
0
0
0
0
0
0
0
0
0
0
0
0
0.1971181
0.1530905
0.2294727
0.2446121
0.2125085
0.21048
0.1996354
0.2039712
0
0
0.008352209
0.0237823
0
0.006403462
0
0
0
0
0
0
0
0
0
0
0.03319161
0.05457612
0
0
0.002485276
0.0228835
0.02841298
0.0226331
0
0
0
0
0
0
0
0
0
0
0
0
0
0
0
0
0.2492277
0.2321402
0.2020177
0.1907294
0.2142857
0.2425613
0.2412044
0.2385576
0
0
0
0
0
0
0
0
0
0
0
0
0
0
0
0
0
0
0
0
0
0
0
0
0
0
0
0
0
0
0
0
0.2300084
0.2291757
0.2785273
0.2895362
0.2627164
0.2366991
0.2352362
0.2411032
0.09311447
0.1548147
0.08413032
0.07193705
0.1016776
0.08302534
0.09458125
0.09688365
0.2804096
0.2656227
0.2404798
0.2400563
0.2526579
0.2856587
0.2800095
0.2712773
0
0
0
0
0
0
0
0
0
0
0
0
0
0
0
0
0
0
0
0
0
0
0
0
0
0
0
0
0
0
0
0
0.1943315
0.1671695
0.236141
0.2515189
0.2198977
0.2080525
0.19922
0.204511
0
0
0
0
0
0
0
0
0
0
0
0
0
0
0
0
0
0
0
0
0
0
0
0
0
0
0
0
0
0.003278142
0
0.01626976
0
0
0
0
0
0
0
0
0
0
0
0
0
0
0
0
0
0
0
0
0
0
0
0.01313562
0
0
0
0
0
0
0
0
0.03043559
0.0249168
0.02048717
0.01920572
0.0202437
0.03004713
0.02506235
0.05029654
0
0
0
0
0
0
0
0
0
0
0
0
0
0
0
0
0
0
0
0
0
0
0
0
0
0
0
0
0
0
0
0
0.2110067
0.2357661
0.2095838
0.2051741
0.2194768
0.2261887
0.2165133
0.2033542
0
0.02076453
0
0
0.0009937676
0.003678248
0
0
0
0
0
0
0
0
0
0
0
0
0.006012853
0.01087163
0
0
0
0
0
0
0
0
0
0
0
0
0
0
0
0
0
0
0
0
0.2019513
0.2152411
0.2093749
0.213428
0.2120915
0.2035056
0.2168728
0.1935282
0
0
0
0
0
0
0
0
0
0
0
0
0
0
0
0
0
0
0
0
0
0
0
0
0
0
0
0
0
0
0
0
0.2678693
0.2732271
0.2594922
0.2555911
0.2663191
0.278242
0.2632248
0.2764359
0.1040002
0.07953237
0.1012489
0.1032613
0.08440495
0.08063266
0.09304199
0.114086
0.2543766
0.2430649
0.2662466
0.2675782
0.2510023
0.2343958
0.2511048
0.2335494
0
0
0
0
0
0
0
0
0
0
0
0
0
0
0
0
0
0
0
0
0
0
0
0
0
0
0
0
0
0
0
0
0.2219432
0.2381407
0.2179421
0.2132003
0.2239214
0.2314839
0.2217174
0.218474
0
0
0
0
0
0
0
0
0
0
0
0
0
0
0
0
0
0
0.01724568
0
0
0
0
0
0
0.02179129
0
0.00587624
0
0
0
0
0
0
0
0
0
0
0
0
0
0
0
0
0
0
0
0
0
0.05459355
0
0
0
0
0
0
0
0
0
0
0
0
0
0
0
0.08121967
0.002585378
0.02494271
0.03061851
0
0
0.01265407
0
0
0
0
0
0
0
0
0
0.009136361
0
0
0
0
0
0
0
0
0
0
0
0
0
0
0
0
0
0
0
0
0
0
0.199619
0.1402856
0.2685787
0.252903
0.2096119
0.2115415
0.1979636
0.2058894
0
0
0.05818211
0.03197343
0
0.004258791
0
0
0
0
0
0
0
0
0
0
0.03258386
0.05068073
0
0
0.005751984
0.01776499
0.0322798
0.01893529
0
0
0
0
0
0
0
0
0
0
0
0
0
0
0
0
0.25054
0.2146322
0.1983418
0.1854386
0.216491
0.2359634
0.2455936
0.2344428
0
0
0
0
0
0
0
0
0
0
0
0
0
0
0
0
0
0
0
0
0
0
0
0
0
0.0203652
0
0
0
0
0
0
0.2292427
0.2425506
0.2925447
0.296199
0.2603792
0.2425819
0.2311394
0.2447409
0.08889442
0.1838389
0.03746586
0.06506906
0.1048378
0.08509251
0.0938495
0.09655772
0.2831366
0.2407041
0.2425714
0.2364717
0.2534943
0.279026
0.2838153
0.2686077
0
0
0.01723854
0
0
0
0
0
0
0
0
0
0
0
0
0
0
0
0.005517507
0
0
0
0
0
0
0
0
0
0
0
0
0
0.1956687
0.1648416
0.2663648
0.2596377
0.2171363
0.210997
0.1963423
0.207356
0
0
0
0
0
0
0
0
0
0
0
0
0
0
0
0
0
0
0
0
0
0
0
0
0
0
0
0
0
0
0
0.01227521
0
0
0
0
0
0
0
0
0
0
0
0
0
0
0
0
0
0
0
0
0
0
0
0.008018
0
0
0
0
0
0
0
0
0.02805103
0.005202992
0.02803269
0.01958588
0.01948861
0.02682479
0.02583343
0.04647963
0
0
0
0
0
0
0
0
0
0
0
0
0
0
0
0
0
0
0
0
0
0
0
0
0
0
0
0
0
0
0
0
0.2157037
0.2044008
0.2196121
0.2026311
0.2208474
0.2231659
0.216249
0.2049667
0
0
0
0
0.002454551
0.002389018
0
0
0
0
0
0
0
0
0
0
0
0.02584838
0
0.01275225
0
0
0
0
0
0
0
0
0
0
0
0
0
0
0
0
0
0
0
0
0.2015315
0.2474702
0.1880304
0.2120591
0.2118246
0.2076735
0.2169121
0.196353
0
0
0
0
0
0
0
0
0
0
0
0
0
0
0
0
0
0
0
0
0
0
0
0
0
0
0
0
0
0
0
0
0.2697594
0.2361522
0.2754405
0.2547692
0.2672925
0.2729893
0.2634164
0.2745341
0.09888332
0.09141233
0.1018311
0.1063575
0.08162552
0.08347487
0.09345485
0.111259
0.2540079
0.2727484
0.2612188
0.2696166
0.2496677
0.2410515
0.2502674
0.2365556
0
0
0
0
0
0
0
0
0
0
0
0
0
0
0
0
0
0
0
0
0
0
0
0
0
0
0
0
0
0
0
0
0.2256521
0.2018136
0.2329063
0.2116313
0.2247842
0.2281212
0.2215676
0.2188098
0
0
0
0
0
0
0
0
0
0
0
0
0
0
0
0
0
0
0
0.0116915
0
0
0.03090682
0
0
0.0007260835
0.0004328839
0.01066475
0
0
0.0821951
0
0
0
0
0
0
0
0
0
0
0
0
0
0
0
0
0
0
0.02419462
0
0
0
0
0.002315353
0
0
0
0
0
0
0
0
0
0
0.05542786
0.0228964
0.02342007
0.03199825
0
0.07859284
0.02107734
0
0
0
0
0
0
0
0
0
0
0
0
0
0
0
0
0
0
0
0
0
0
0
0
0
0
0
0
0
0
0
0
0.200943
0.1587843
0.2434302
0.2681368
0.2022898
0.2044577
0.2998753
0.2113952
0.0001041368
0
0.02482555
0.04741026
0
0.02213117
0.06204525
0
0
0
0
0
0
0
0
0
0.03629413
0.04367098
0
0
0.01401346
0.05742308
0
0
0
0
0
0
0
0
0
0
0
0
0
0
0
0.03149601
0
0
0.2575721
0.2217502
0.1986167
0.1764657
0.222073
0.2878115
0.1405405
0.2039729
0
0
0
0
0
0
0.06124095
0
0
0
0
0
0
0
0
0
0
0
0
0
0
0
0
0
0
0
0
0
0
0
0
0
0.2233876
0.2402772
0.2856728
0.307836
0.2542663
0.1972327
0.3598766
0.2659158
0.0821899
0.1557212
0.06886671
0.05206458
0.1118377
0.07181934
0.05434616
0.09257564
0.291027
0.2544723
0.238054
0.2305325
0.2561175
0.3297958
0.1626824
0.2565252
0
0
0
0
0
0.03786993
0
0
0
0
0
0
0
0
0
0
0
0
0
0.008145437
0
0
0.05051279
0
0
0
0
0
0
0.01512666
0
0
0.193952
0.1756731
0.2477234
0.2742834
0.2099628
0.1893971
0.3145045
0.2197578
0
0
0
0
0
0.03133376
0
0
0
0
0
0
0
0.003201204
0
0
0
0
0
0
0
0
0
0.004014819
0
0
0
0
0
0.06443228
0
0
0
0
0
0
0
0
0
0
0
0
0
0
0
0
0
0
0
0
0
0
0
0.03079111
0.0547738
0
0
0
0
0
0
0
0
0
0.02542345
0.01604671
0.02187215
0.02140536
0.0176423
0.06859762
0.04387145
0
0
0
0
0
0
0
0
0
0
0
0
0
0
0
0.03843053
0
0
0
0
0
0
0
0
0
0
0
0
0
0
0
0
0
0.2230812
0.2204233
0.2110962
0.1983674
0.2231639
0.2506959
0.1249849
0.2443802
0.001636642
0.008430761
0
0
0.005203639
0.007961167
0
0.05274111
0
0
0
0
0
0
0
0
0
0.003349447
0.00293597
0.01525999
0
0
0.06071512
0.005411169
0
0
0
0
0
0
0
0
0
0
0
0
0
0
0
0
0.1991457
0.2285447
0.2029224
0.2086724
0.2119559
0.1573246
0.1822768
0.2494132
0
0
0
0
0
0.03434699
0
0
0
0
0
0
0
0
0
0
0
0
0
0
0
0
0
0
0
0
0
0
0
0
0.02372199
0
0.2738211
0.256493
0.2629561
0.2542613
0.2684946
0.3308307
0.2353503
0.2419327
0.09172837
0.08583228
0.1028036
0.1122502
0.07658175
0.06400312
0.1818952
0.05306277
0.2528239
0.2571482
0.2672148
0.2721233
0.2478281
0.169782
0.2936587
0.2931677
0
0
0
0
0
0
0
0.04023414
0
0
0
0
0
0
0
0
0
0
0
0
0
0.001749859
0
0
0
0
0
0
0
0
0
0
0.2320728
0.2210842
0.2212001
0.2094059
0.2260268
0.263206
0.1570535
0.2330044
0
0
0
0
0
0
0
0.02839747
0
0
0.08232259
0
0
0
0
0
0
0
0
0.05568416
0
0
0
0
0
0
0.1252608
0.01913158
0
0
0.0504701
0
0
0
0
0
0
0
0
0
0
0
0
0
0
0
0
0
0
0
0.1189604
0
0
0
0.001719037
0
0
0
0
0
0
0
0
0
0
0
0.1516677
0.01582222
0.03507602
0
0.06296045
0.001089296
0
0
0
0
0
0
0
0
0
0
0
0
0
0
0
0
0
0
0
0
0
0
0
0
0
0
0
0
0
0
0
0
0.2004312
0.2428497
0.1871083
0.308141
0.175095
0.2085596
0.2618744
0.2027292
0.01347896
0.0458402
0
0.08962129
0
0.010433
0.02766325
0
0
0
0
0
0
0
0
0
0.0532162
0
0
0
0.04402525
0.03246047
0
0.01474846
0
0
0
0
0
0
0
0
0.02927805
0
0
0
0
0
0
0
0.2837459
0.2333191
0.1399385
0.1558658
0.2418275
0.2549373
0.1620999
0.2202736
0
0
0.05426863
0.01842603
0
0
0.02097953
0
0
0
0
0
0
0
0
0
0
0
0
0
0
0
0
0
0
0
0.004977862
0
0
0
0
0
0.2008364
0.2500226
0.3300031
0.3357524
0.2317995
0.2257582
0.3242668
0.2481428
0.0644212
0.04425818
0.1733674
0.01636378
0.1353098
0.07960249
0.07813242
0.08593572
0.3172679
0.2899088
0.1418182
0.2182423
0.2663472
0.2978856
0.1978936
0.2752891
0.02865187
0.03324767
0
0.02445037
0
0.008164229
0
0
0
0
0
0
0
0
0
0
0
0
0
0.05096962
0
0
0.006915599
0
0.002058659
0
0
0
0
0
0
0
0.1835606
0.2335358
0.2281996
0.31166
0.1830641
0.2026493
0.2765546
0.2060075
0.01720667
0.02051548
0
0.002073823
0
0
0
0
0
0
0
0
0
0
0
0
0
0
0
0
0
0
0
0.03514346
0
0.0290676
0
0
0
0.01655564
0
0
0
0
0
0
0
0
0
0
0
0
0
0
0
0
0
0
0
0
0
0
0
0
0.01109017
0
0
0
0
0
0
0
0
0
0.02023904
0.04577953
0
0.03099279
0.009387021
0.03799213
0.03140467
0
0
0
0
0
0
0
0
0
0
0
0.05337464
0
0
0
0
0
0
0
0
0
0
0
0
0
0
0
0
0
0
0
0
0
0.2421484
0.2569795
0.1347506
0.1906124
0.2277836
0.232265
0.1743697
0.2659422
0.02246569
0.02958241
0
0
0.01276652
0.005533733
0
0.08741117
0
0
0
0
0
0
0
0
0
0
0.1165385
0.01621965
0
0
0.0279504
8.19307e-05
0
0
0
0
0
0
0
0
0
0
0.07444266
0
0
0
0
0
0.1902294
0.1737123
0.2875711
0.195974
0.2163271
0.1936336
0.1986294
0.2619144
0
0.001156086
0
0
0
0
0
0
0
0
0
0
0
0
0
0
0
0
0
0
0
0
0
0
0
0
0
0
0
0
0
0
0.285992
0.3098503
0.1603094
0.2582331
0.2675922
0.2899959
0.2501788
0.2375219
0.07459137
0.0762824
0.1363877
0.1269866
0.0637229
0.0756828
0.1339458
0.02718269
0.2490052
0.218537
0.3663842
0.2721763
0.2476147
0.2197672
0.2745909
0.309117
0
0
0
0
0
0
0
0.0792685
0
0
0
0
0
0
0
0
0
0
0
0
0
0
0
0
0
0
0
0
0
0
0
0.02421398
0.2496081
0.2685526
0.1310427
0.2077474
0.2269346
0.2387812
0.1923332
0.2460254
0
0
0
0
0
0
0
0.0685957
0
2.138468
0
0
0.0288352
0
1.475672
0
0.4494644
0
2.387947
2.891909
0
0
2.022536
0
0
1.544821
0
0
0
0
2.071002
0
0.04874265
0
0
0
0.1789617
0.2626947
0
0.1216151
0.2107719
0
0.4280393
0.3473986
0
0
0
0.1166853
0
2.512868
0
0
0.9216751
0
0.5822484
0
0
0
0.2089461
0.7610805
0
0
1.088205
0
0
2.094726
0
0
0.4200872
0
1.056945
0
0.998288
0
1.351125
1.086176
0
0
0.0522796
0.840097
0.9053773
1.392161
0
0
2.73346
2.75543
0
1.326362
0
1.253096
0
0
0.7079202
0.002713697
0
0
0.3408016
0.2637093
0
0
0.8364153
0.8663744
0
0.4517994
0.04890992
0
2.005457
2.746285
0
0
2.428319
0
0.9396379
0
2.614746
2.86967
0
0
1.667833
0.4414249
1.688148
0
1.040305
0.1845138
0
0.9721475
0
1.660944
1.48413
0.9135711
0
0
2.579874
2.878447
0
1.820933
0
0.1519646
0
0
0
0
0.5220644
0
2.402715
0
0.2763267
0
1.772259
2.716728
0
2.574027
2.400275
0
0.5892112
0
1.742132
2.574367
0
2.50639
0
0.4670034
0
1.06867
0
0
2.761366
0
0.06283802
0
0
0
0.043403
0.0703691
0
0.03741065
0
0.04297084
0
0.02912861
0
0
0.3966796
0
0
2.785343
0
0
2.821023
1.849983
0
0
0
0.1848517
0.3490354
1.704883
0
0
2.862648
0
0
2.614797
0
0
2.191669
1.119076
0
0
2.374186
0
1.167662
0.007238848
0.9769459
1.93232
0
2.385129
2.283039
0
2.824941
2.206385
0
0
0.1080061
1.870694
0
0.5465295
0
0
0.4782703
0.08684714
0
0
0
0
1.574262
2.564152
0
0
2.553666
0
2.729765
0
2.121493
0.9297711
0
1.060606
0
2.512286
0
0
1.398796
2.478736
0
0
2.804352
0
2.396914
0
2.805002
2.094509
0
0
0
1.999451
0
0
0.9416516
1.407256
0
0
1.28228
0
1.516117
0
0.8299077
0.0007278774
0.2397119
0.9454021
0
1.54326
0.2100459
0
1.228388
1.47076
0
0
1.142584
0
0
0.017649
0
0
0
0
0
0
0.04663014
0
0
0
0
0.1290081
0
0.09584198
0
0
0.5220767
1.159771
0
0
1.291509
0
0.4069889
0
0.4741877
0.291008
0
0
0
0.3491983
0
0
0.7558979
1.21833
0
0
1.241456
0
0.4385143
0
0
0
0.5351959
0.6142098
0
0.4741432
0
1.356476
0
0
0.3962584
0
0.0974709
0
0
0
0
0.221701
0
0
0.5287008
0
0
0.4059483
0
0
0.05486269
0
0
0
1.60813
0
1.223853
0.5560467
0.1654828
0.7908544
0
1.541468
1.481466
0
0.6429687
0
0.5116627
1.17274
0
1.580708
0
0.5890153
0
0
0.8524688
0.71646
0
0.06043477
0
1.527209
0
0
0.7113078
0.1130635
0
0
0
0
0.2278341
0.2612368
0
0
0.1290872
0
0
1.548376
0
0
1.174344
0.7488008
0
0
0
1.606766
0
0
1.31555
0.9528595
0
0
0.7749601
0
1.482665
1.397284
0
0
0.7124291
0.3660215
0
0.01285129
0
0
0
0
0
0
0
0
0.1499624
0.1386411
0
0
0.06370924
0
0
0.675396
0
0.07012104
0
0
0.9429403
0
1.21128
0
1.631896
1.40962
0
0
0.6880515
0.89164
0
0.397868
0
0.5517189
0
0
1.125489
0
0
1.306773
0
0
1.296105
1.190918
0
0.2713303
0.9920084
0.1885034
0
0
1.170267
1.607995
0
1.298939
0
0
0
0
0
0
0.1740549
0
1.424904
0
1.179915
0.5267935
0
0.3390061
0
1.285849
0.238476
0.8260856
0
0
1.343378
1.485949
0
0.6451148
1.535956
0
1.483588
0.962754
0
0.3703
0.1122261
1.356671
0.9182446
0.2644811
0
0
1.205304
1.64135
0
1.249712

