-10
26
8
-7
-11
27
7
-4
-12
27
5
-1
-12
27
4
2
-13
27
3
5
-7
22
11
-16
-8
24
10
-13
-9
25
9
-10
-10
26
8
-7
-11
27
7
-4
-13
24
-1
12
-13
23
-2
14
-12
21
-4
17
-12
19
-5
19
-11
16
-7
21
1
-12
-13
24
2
-15
-13
22
4
-17
-12
21
5
-19
-12
18
7
-21
-11
16
-10
26
8
-7
-11
26
7
-4
-12
27
5
-1
-12
26
4
2
-13
26
2
5
-8
7
-11
26
-6
4
-11
26
-5
0
-12
26
-4
-3
-13
26
-2
-6
-13
26
-6
2
-12
26
-5
-1
-12
26
-3
-4
-13
26
-2
-7
-13
26
0
-10
-13
25
-10
11
-9
24
-9
9
-10
25
-7
6
-11
26
-6
3
-12
26
-5
-1
-12
26
