23
37
51
27
42
65
77
61
70
84
-45
-61
-54
-56
-58
12
16
14
8
12
5
14
16
1
5
20
50
49
61
62
16
18
22
-17
-7
62
-48
-54
77
-66
-6
23
17
-55
13
-49
67
14
-6
-43
35
43
56
43
35
73
11
50
46
8
-39
74
-18
57
-109
28
15
-47
-25
46
60
-10
-7
43
1
-66
60
85
65
-6
-45
-91
63
70
-29
26
5
34
-27
-32
33
38
42
49
37
-23
-25
-38
-37
-46
-72
71
55
-51
33
18
-79
63
-3
46
81
-64
18
-15
4
-14
15
-26
-47
28
-48
-22
-16
-35
-41
21
-47
69
70
-35
-78
-70
-51
-58
-67
-21
30
-20
-1
40
-33
42
-80
25
48
31
11
-5
-75
2
44
40
24
38
28
-76
-48
-66
-62
-13
50
-21
8
-82
43
63
-85
32
-51
68
10
-5
26
18
22
-48
-52
-75
-77
-49
12
-39
-36
-2
55
-78
-86
-76
34
15
-3
-11
-10
-5
-5
59
61
53
50
45
-47
-20
76
-33
-14
-51
33
-55
-4
79
12
-15
-53
14
42
13
28
-70
62
4
55
52
54
65
59
-9
-4
-8
-15
10
18
-53
-8
4
-19
56
79
23
-22
63
69
81
86
-23
6
-12
-14
4
9
7
12
37
-3
2
-41
-50
24
-11
-76
-84
-69
-68
-60
-58
-39
-32
-37
-31
-32
-12
38
-8
-54
55
-36
-64
-56
73
39
-7
-58
-59
-71
-36
-51
45
43
33
36
47
-17
-22
-30
-29
-29
-28
-53
-37
-47
-41
-14
24
-71
-96
15
37
44
47
-35
47
-42
-47
-47
-52
-60
-20
-35
-34
-35
-43
