-22
-18
-37
-36
-5
-6
6
-18
2
3
15
-15
18
16
11
-8
25
23
-21
-13
7
9
-5
-23
19
14
-25
19
16
6
-32
4
0
19
-25
-32
20
15
-38
-32
32
10
14
3
-25
-31
2
-27
8
16
-13
8
-15
0
20
8
-27
-28
-37
-22
11
10
-22
-12
-27
19
6
11
-27
-33
8
-6
-11
0
-34
-28
7
-8
-16
-5
-2
-2
24
-45
-1
-26
14
-29
-7
25
23
9
-18
12
-29
24
0
-8
9
38
2
34
20
-36
-4
8
-9
-11
-15
9
-27
7
-10
-6
29
15
7
19
-2
-9
-7
25
8
29
19
1
35
5
20
-15
14
24
38
28
2
-7
3
0
34
37
-13
5
-9
6
-18
-9
8
-22
7
-17
-16
-9
-18
-5
15
-36
-10
5
24
14
3
15
-36
-29
-15
-39
2
4
11
-9
4
4
37
34
20
24
-7
22
-35
5
-11
-20
15
-21
-25
26
-8
-28
-15
-16
1
-25
-25
-34
-17
-9
-15
-32
8
-12
13
-2
-4
-31
18
8
22
15
25
-1
-19
-24
20
-23
16
-4
7
-12
-10
-13
21
4
-8
-3
-7
13
-4
5
23
-21
-8
-34
30
6
13
1
-5
-46
-14
19
-1
-9
-3
6
-23
14
23
10
-28
-22
-36
-37
30
-18
-18
-25
-10
-21
23
22
-47
20
-5
-7
-21
-18
-37
-39
-6
-2
-27
-4
-7
-13
-22
-7
-27
8
-9
10
-20
-22
0
-3
-1
2
6
13
-13
-11
32
21
-11
20
44
24
-12
7
-15
6
11
-3
-26
-52
25
11
33
14
40
23
-11
-5
18
2
21
6
-34
-21
6
42
-22
7
33
30
39
21
-12
-12
18
-8
12
30
3
-3
-2
-16
-11
13
-14
-9
9
0
-6
-10
1
18
34
18
-41
-24
29
-30
5
-13
-14
-27
-12
-23
16
16
-10
-8
18
2
-1
-28
15
33
2
-21
-23
-29
4
6
7
-8
-19
-26
-22
-36
8
45
10
21
20
34
-17
-14
-30
1
3
22
-2
-9
14
-30
-13
-1
-18
9
13
-20
31
5
8
12
-7
-5
-37
-8
-24
-42
21
-10
40
24
5
0
-10
35
-14
5
9
-22
-14
-8
13
-16
19
46
-41
1
7
17
3
22
24
-6
7
-1
10
-1
-7
-21
1
-42
-17
-17
10
-1
13
-22
-42
-3
27
-4
12
17
-23
-3
16
-25
4
-8
-24
16
10
-2
-20
12
21
23
-26
-27
16
13
-10
23
-18
-2
-4
-13
-6
28
1
-1
14
-43
-1
-17
-32
-43
15
-17
5
-29
8
-18
33
4
8
29
26
15
-27
6
3
21
-13
-37
-9
-24
-9
28
-13
32
16
39
11
-20
5
4
-1
27
-6
53
35
-22
-6
-4
-28
-38
1
4
-4
8
31
15
1
-8
-21
-24
-19
0
2
-4
17
-12
-18
-15
-9
22
6
15
-9
32
-3
-13
-7
25
37
-21
-27
-4
30
5
19
22
-7
16
-25
14
-3
29
-22
11
-22
-47
-35
-21
-3
-15
-6
23
-3
22
-30
-18
19
31
-15
-4
-4
34
-14
-26
4
-9
10
25
-22
-16
-30
-22
7
8
-15
-31
1
24
-45
-22
5
23
-27
-2
23
25
21
14
-19
-20
18
-23
-15
17
-17
-23
-11
-31
18
21
1
-28
13
-2
-4
23
-13
-27
-16
-10
35
5
9
-19
-2
-24
1
-9
-15
3
3
-13
-33
-34
-2
4
5
22
-20
-15
13
-11
3
25
27
17
-14
2
4
4
-5
-10
19
-18
-11
11
-1
0
-17
12
-6
-4
-34
-30
-3
-11
-7
-50
14
-11
12
35
10
6
-17
-7
4
32
22
4
34
12
7
23
-8
19
33
5
-30
18
-15
-5
31
30
24
-20
14
-13
-11
4
9
-14
-22
33
14
3
-23
22
19
-14
-15
-32
-3
-14
-19
-37
15
-7
19
16
-19
0
-3
15
9
12
-20
15
23
16
31
15
-20
-27
32
-10
-4
-17
22
-1
-26
25
-4
33
-19
12
27
33
0
7
35
8
-6
-8
-31
7
27
21
-4
-9
2
-20
-13
2
-25
-4
-1
12
-16
-5
0
-1
18
-2
-7
-9
-30
-8
-16
-16
-36
4
-27
-33
-21
32
-6
-7
18
0
-3
34
27
12
0
-2
-16
-22
24
-25
10
-9
11
34
10
-5
29
13
-32
-25
0
-2
18
20
21
27
28
-4
-23
11
33
-22
-20
11
-7
22
-17
-27
27
20
-18
3
10
12
-5
-2
23
34
-26
-18
23
26
-41
-32
-1
1
28
-4
17
3
-15
-18
-24
-19
3
27
18
8
10
2
-10
-16
23
13
-23
-3
8
15
9
31
13
-21
7
13
3
14
-22
-33
21
-25
20
-19
-2
-18
16
-3
-23
-27
6
15
34
-21
14
36
12
19
-30
17
4
-22
21
-39
16
32
-18
24
22
21
13
-9
-18
32
-29
7
-19
-2
2
29
6
-9
21
19
5
8
-1
20
14
-24
-16
-11
18
-11
26
-30
-7
27
14
-17
-1
34
0
21
-37
5
22
-11
16
-2
-19
3
-34
-12
-31
-7
6
-13
40
24
-10
-12
4
-23
-10
-12
3
4
6
2
15
35
11
12
0
18
2
18
-40
-13
-8
12
-8
-18
26
-13
-18
-23
-19
32
16
13
19
7
0
5
-14
-3
11
12
-40
-32
0
-10
16
-5
9
23
11
22
31
33
17
28
19
29
23
16
32
19
27
18
27
38
6
20
33
8
31
15
6
-5
44
31
6
20
9
13
14
2
34
9
7
24
21
30
18
23
5
-8
11
-8
-4
7
14
-3
20
-20
25
24
-8
9
-9
10
8
12
-4
25
-5
-22
-25
-4
-40
-18
-2
37
15
-2
23
-29
-8
2
18
25
-17
17
4
29
-6
10
18
-19
21
-16
7
-29
-13
-2
28
16
2
-26
33
-21
-3
20
9
-26
-29
2
3
17
-14
-23
-42
-37
-13
31
-7
16
-4
-32
-25
8
-30
-23
4
-8
-38
21
15
18
6
-21
13
12
-22
18
28
16
-9
9
-13
15
7
-3
22
-13
1
-2
34
36
7
0
-13
-11
-12
-21
-37
16
-12
29
-25
15
-24
14
-2
19
-13
5
34
19
-11
-33
-21
-6
12
29
9
-32
-13
13
-9
11
-24
-30
-34
-19
-21
-26
27
28
14
-39
-38
1
3
-15
-17
21
16
21
47
-1
24
47
13
12
34
15
13
-1
33
27
-10
12
4
9
-2
21
34
30
-2
-4
18
23
6
8
23
45
-16
10
21
-3
23
-15
33
14
30
1
-6
-18
29
11
7
-17
32
16
42
14
34
22
19
26
-5
3
7
-15
22
-4
6
44
-26
-9
-11
-7
-21
11
2
-8
51
28
-6
9
6
17
5
-12
13
34
6
0
-9
17
-25
-55
-33
-45
13
2
-8
-16
0
0
4
-6
3
-12
-1
30
3
-14
16
-15
24
-4
-9
-23
3
29
-17
1
12
4
-6
-10
9
-8
-15
-11
-24
-33
-12
1
9
-36
3
15
-21
-17
16
-11
-2
-2
-11
-57
-15
1
-1
-38
19
2
3
13
-6
-16
10
18
-2
5
4
8
-8
-6
-7
22
-17
-13
32
-20
-25
-11
35
13
-10
-19
-19
-23
-27
-2
-20
-34
-30
6
4
2
-2
31
-10
-15
5
-7
36
37
27
3
13
31
8
35
18
4
19
-20
-29
-16
-22
-29
13
8
-40
-28
6
-18
-10
-13
14
31
-22
-39
-21
-22
20
0
17
3
-15
0
-10
5
-23
-21
-13
-7
8
8
-23
17
-19
-14
-24
-31
29
6
5
-25
-24
5
-3
-16
-14
18
-39
-24
25
-9
4
-15
-21
-22
9
-10
6
-10
18
-21
4
-16
28
18
-10
12
-7
-4
-13
-2
-37
17
-11
-29
14
39
9
-15
16
17
-20
-17
-19
-24
29
-2
-4
22
-12
6
20
17
-9
-2
-29
12
-9
-2
16
-11
23
21
-42
-19
-2
-6
15
-15
13
14
16
-2
-20
-11
14
24
-38
-2
-13
3
9
4
40
42
16
-15
-14
-2
-3
-14
-10
21
1
5
-12
2
-25
-1
2
-33
5
-8
4
-4
16
38
22
14
-21
-5
9
-22
-13
9
-13
-22
-17
-27
2
10
7
8
-15
20
-1
-35
16
10
-18
-58
-28
-1
-2
26
10
-1
9
22
19
-21
27
4
6
20
31
36
18
12
15
-4
-12
-2
-17
-7
21
5
-13
-4
14
21
1
-11
30
20
5
-11
3
14
-47
-23
-37
0
0
-11
-9
-13
-1
5
16
-9
-5
-4
17
11
-3
-6
1
-5
27
-2
-37
-10
17
57
-15
7
19
-21
-3
6
-14
-30
-5
23
-38
-16
-38
-28
28
13
0
21
5
11
-10
15
-22
-18
17
33
-22
-23
-19
16
-9
-8
26
10
3
-36
0
-9
-4
19
1
-20
18
-8
-1
21
-39
-22
-12
20
0
8
-7
29
-17
6
-16
-27
12
22
2
23
13
12
25
-12
11
23
-9
-25
32
-11
40
28
25
19
-5
31
-2
-25
4
35
22
27
-35
11
-7
-11
4
10
14
-20
16
9
2
10
-69
-17
-9
8
-14
-19
22
-10
-13
6
-6
-5
2
-13
-9
-15
-36
11
-29
-32
18
15
-8
-12
18
-2
10
-9
26
10
-7
-24
-43
-11
8
12
-2
-32
42
8
18
15
23
26
45
9
47
5
18
-2
3
20
-19
-29
8
17
26
20
-31
-1
8
28
-27
-14
-16
-18
22
-1
1
-27
-14
36
29
19
6
28
18
11
-35
12
-13
-3
22
-3
24
-2
-7
11
9
-23
36
38
35
9
3
-6
27
23
35
16
-22
0
-16
1
13
-3
28
-14
-1
-1
-55
-11
2
-21
-22
-16
26
13
19
-2
-43
22
19
1
25
5
9
-8
-42
-22
16
-4
45
13
23
2
-27
-40
3
0
-37
-7
9
-1
-17
-30
-20
-1
-5
-2
-7
-6
9
-19
-45
-14
-12
19
-16
7
14
28
-19
-39
-9
6
-36
-8
-15
-33
-15
14
3
-8
-17
9
10
8
21
35
-19
-26
-6
-9
-3
13
10
-1
-1
-6
-14
2
-18
15
-12
-16
1
-32
5
19
-6
-17
-23
-15
-10
-26
-3
-10
-29
-28
11
-36
28
29
18
19
-10
-7
27
26
8
20
6
-30
10
-26
26
21
-2
-8
30
21
-5
-6
12
28
-12
-2
-9
-27
-5
-8
-29
4
10
27
-16
13
0
-31
1
-14
-10
-44
-10
17
7
32
-10
-8
-28
3
19
-33
27
-30
2
8
-2
32
-5
-15
27
3
4
27
30
-36
-8
1
6
-28
33
5
9
-13
1
-1
22
12
9
22
-27
-1
-7
-2
43
6
-14
-9
-4
18
-30
-43
-22
5
15
4
32
19
24
15
-24
-14
-5
8
-24
14
15
-12
-30
-28
5
7
28
18
-17
23
-6
-35
15
29
-34
6
7
16
-23
-19
2
0
-15
-16
7
6
-8
13
-44
-33
-7
5
-14
20
-14
4
-20
-15
22
7
10
19
-26
-15
-12
-16
-27
-19
4
-19
-26
1
-28
-5
-13
50
6
-5
-22
7
21
7
-8
5
-15
13
-30
-12
19
-3
-14
33
-8
13
27
-3
6
14
12
2
20
5
-28
16
-12
-28
-48
-37
-1
18
2
4
-9
-20
-20
22
-16
16
22
13
-10
-28
-15
1
-22
-2
-12
-29
-3
6
-21
-39
31
0
-11
-8
-3
-24
13
2
-13
14
33
38
13
-6
37
17
15
-14
7
-11
17
19
-24
4
33
-2
24
-9
-8
4
31
-1
-41
-17
32
12
3
33
10
-23
4
-4
-15
23
39
34
13
-13
28
3
8
11
-3
14
12
-5
31
35
-4
-4
17
-5
32
-4
-43
-22
-16
-12
-36
-23
18
25
7
13
9
-15
7
9
3
-4
26
18
-17
-18
2
16
2
9
13
-9
-44
13
23
1
-32
-15
25
6
-7
-33
18
20
-42
1
9
18
6
19
-39
-9
10
3
5
-29
-16
-12
-32
-18
5
2
-35
-22
-44
-17
-7
-3
-22
-22
-4
27
20
3
14
-12
-37
-36
-38
-30
33
-4
-7
-13
21
15
-1
5
-4
10
-5
4
26
28
27
-31
7
26
-17
-2
29
-3
17
-29
20
-2
-32
26
-5
10
-42
4
2
16
1
-16
16
17
-13
27
25
13
-6
-19
-1
-34
-18
12
30
-14
20
40
14
25
30
11
-1
-22
5
-12
-10
-2
-2
-8
8
16
-21
6
-26
2
-16
-28
20
-3
9
-12
11
-18
-46
-10
-16
26
-13
-47
30
24
-19
5
12
-17
12
1
-32
22
4
14
-20
-21
9
32
-47
7
31
5
11
-22
11
7
13
12
7
-20
-17
33
-47
4
33
-5
-11
-7
-29
-50
9
-35
18
19
16
21
-15
-18
9
6
14
30
5
15
-28
-30
6
17
-8
30
-8
10
0
-3
8
15
1
-9
10
10
1
-28
-21
15
-47
-30
10
-8
18
-3
-28
-34
4
-13
-12
-16
12
-14
4
7
11
-1
-9
-14
0
-45
-10
12
-41
-31
-27
24
-15
9
-35
-13
5
-14
9
-2
-8
-57
-7
-2
-42
9
13
-6
17
12
-4
0
16
0
-32
-3
20
2
5
-5
18
5
-4
0
2
17
28
27
-19
24
-1
25
-32
-16
-14
27
-44
-39
-3
-10
3
-9
41
28
-15
10
-2
-27
34
30
-23
-21
27
1
-22
-33
-5
-26
-25
-11
3
17
1
16
-20
-11
-9
10
12
-11
0
24
14
-13
10
10
15
-7
6
8
17
-22
-19
15
-34
-27
13
24
16
-2
-18
2
-13
-10
-3
22
12
29
6
-39
7
-12
18
1
6
12
-16
-33
4
12
-31
-24
-8
-11
2
16
-34
-16
9
7
9
16
29
4
-4
-4
-30
-27
16
23
-21
-18
21
12
-25
-26
28
29
9
-5
-7
-6
9
-10
24
29
-10
-24
-10
27
-20
-15
23
31
6
1
-1
28
8
-14
-18
-24
23
4
15
14
-8
-5
35
0
20
27
-25
-26
16
6
-8
7
-9
4
19
7
-32
-15
5
-14
-33
-29
-4
-15
-14
28
-21
-25
36
-25
-13
-18
8
-25
-22
-25
-26
22
17
-3
-11
6
-8
-32
-13
-21
-15
33
10
-22
23
6
25
1
0
4
-3
-12
-4
-33
-4
19
-15
16
14
12
17
29
-20
-39
2
28
4
0
-23
23
-15
-33
-24
1
36
-16
-19
30
14
7
7
-29
-24
-11
26
25
-13
19
-3
25
-33
-26
-26
-6
-25
-12
-14
-15
24
5
6
9
-12
-13
-22
-23
-4
20
12
-38
-16
-49
28
31
12
4
6
4
-25
12
-20
38
30
3
0
-52
4
15
-15
-33
12
-19
-23
25
10
0
7
28
-4
3
-20
-2
-6
0
21
-23
11
25
-27
-10
-2
25
-20
-10
10
19
2
-17
6
1
19
2
5
9
-4
-16
15
15
-23
-11
-15
7
-43
0
-29
23
4
-13
15
14
21
6
-21
-14
-4
11
-20
-22
26
-9
-21
-19
22
19
-34
-36
-39
-21
-1
-11
-9
-27
-10
10
-2
4
-43
-27
4
-10
30
-20
15
-18
-16
27
-12
-3
17
-21
-34
-31
15
25
18
-25
8
-24
-37
-26
39
17
-5
-22
7
-9
27
9
-24
27
-22
-39
13
34
17
-6
-21
4
-29
16
-11
0
2
-18
-15
18
8
26
-14
-22
15
24
14
-36
-1
14
22
-16
-11
5
-20
8
-31
19
-10
20
-21
-24
26
4
-21
-22
-24
-6
-23
-5
2
24
11
2
-19
0
-33
-17
-18
-13
3
-28
4
-11
-35
-33
10
-49
17
14
14
-16
31
23
-26
-35
26
23
-4
-5
-2
-4
-37
-20
39
-11
-32
-23
-15
20
27
-19
-16
12
-8
29
-20
-37
27
19
11
15
4
-3
27
-10
7
2
28
14
15
31
-1
19
24
-12
0
-2
-8
-25
-17
-2
21
25
-21
0
-12
-16
-23
11
-43
10
-8
-18
-1
-33
21
-11
-1
27
28
-35
-29
-9
-48
-21
22
-15
-17
-18
-5
-28
29
-19
36
16
-3
22
