-20
-10
10
-2
-21
-18
-5
-26
-35
-10
-34
-15
-11
-23
-34
-1
15
-16
20
-12
14
-8
5
17
-14
-13
-38
-11
-8
-47
10
-13
-1
18
21
-11
13
17
-4
25
20
3
-2
-20
17
-5
-2
8
-13
-13
0
-16
3
6
-6
-20
12
22
-16
16
-25
-16
-1
-19
-7
-1
-29
17
-15
9
-6
-13
17
-15
18
15
-8
-1
21
5
18
-11
-9
-20
-15
-11
-8
3
-27
-17
1
25
-11
5
-1
12
12
13
14
-25
17
-6
-22
19
16
25
-24
-13
6
-9
0
14
-11
-2
-25
-26
2
1
29
-23
3
19
-5
-27
-4
13
9
26
24
-21
15
1
-12
-3
-19
9
-9
-2
25
14
-4
-9
28
-7
-38
4
2
-29
-26
-22
41
-12
-33
-1
-25
-1
-27
-35
-19
-38
15
-42
23
5
-31
-23
-35
40
11
-17
-24
-1
-6
-62
-23
-15
-5
6
21
18
11
27
23
17
29
-1
-39
25
17
-27
-8
16
-6
-10
-12
19
-7
20
2
28
11
-17
15
-12
-7
-2
28
21
-14
6
-27
32
34
9
10
-42
-13
-30
20
3
-22
-11
-14
27
-21
-31
1
-2
-8
-15
-12
13
-18
29
-10
16
-32
-7
1
12
0
-8
-26
-16
16
-9
-27
2
-1
-1
12
15
-12
-17
-9
-14
4
8
-23
-15
19
-5
5
-19
33
-9
-27
-5
-10
-14
12
4
18
-17
19
12
-15
18
19
-10
-20
-23
5
-1
-15
-17
6
-24
-18
-5
-4
25
-11
18
-18
-18
-25
14
12
-9
-24
7
-21
17
-17
-9
-2
17
-8
-16
-11
0
-16
14
30
14
4
16
-15
-1
22
-14
10
-6
-9
-27
9
3
-19
19
10
-3
6
-7
-10
7
18
-6
12
-3
-23
5
-2
13
-4
4
6
-24
-20
11
14
-20
2
-3
7
3
31
-29
-3
-25
4
-28
-20
15
17
8
-20
32
-3
7
8
10
0
23
-16
-8
-1
14
-11
19
7
-21
-36
-31
-10
-9
-23
3
14
-17
10
-8
-10
-11
23
-4
14
-33
-23
4
-23
-9
11
-22
12
10
-9
13
37
25
-29
-29
15
3
4
12
7
0
4
-18
-6
12
10
-1
-9
-12
6
5
-6
31
11
-23
6
-21
5
-26
-18
-10
17
-19
-29
0
-2
8
13
-18
-22
-2
16
-38
11
-6
-4
-15
-22
16
28
16
0
-6
-25
-54
-30
-21
-28
31
26
33
2
31
-15
20
1
5
-13
10
26
-26
-24
-1
15
-5
22
-3
20
8
-32
-18
-8
0
25
-19
-19
-3
20
23
-11
-12
-28
17
27
3
0
3
-10
-1
20
-4
-6
7
-12
2
-17
-8
13
-31
-3
-16
6
4
-20
16
-14
5
-9
-8
3
-14
-4
-1
-13
12
-2
14
12
10
-16
18
-4
12
16
2
-29
-30
5
-3
-14
-33
1
-3
19
18
24
9
-20
-33
12
0
15
-8
-9
4
1
13
2
-8
-1
5
9
-26
-1
0
-2
5
10
10
-16
-28
10
-21
16
-12
-19
-14
-6
27
-10
8
32
-21
0
-15
-17
15
9
-5
-3
4
-12
0
-1
-3
8
23
-7
-11
-4
9
0
0
23
-29
-9
11
24
2
-21
-22
-4
4
-14
-4
19
-12
-2
-29
25
-4
-22
2
-3
-16
8
32
13
-12
-22
7
10
3
5
-13
5
14
20
-26
-14
26
-12
-17
6
-7
18
-5
-25
5
-22
16
-12
24
15
-11
11
1
25
12
-19
-5
-8
1
-12
5
-20
-4
27
-8
-11
-1
-3
-30
-8
17
-17
-5
-19
-10
20
-7
-7
-2
4
-2
22
12
26
0
23
18
-22
-2
13
-11
15
-21
-13
14
-2
-19
-7
11
10
4
6
-5
15
-9
12
-14
-6
-26
-18
-25
15
-10
21
2
-28
-13
-20
19
14
17
-21
8
21
23
-16
-2
-27
18
30
-12
-12
4
-11
-23
-8
-1
8
14
9
-3
-19
-3
18
-21
3
22
-25
-17
-12
-7
-21
-6
-18
19
1
-8
5
-31
-12
16
7
-5
5
5
-15
27
12
13
-14
1
-25
-16
-17
-12
2
-23
14
14
21
-7
28
18
12
-15
11
6
9
10
12
-19
13
10
-19
-14
-2
3
-30
-24
-10
-20
-28
-9
16
-24
-11
-5
28
-3
8
-4
11
13
-10
1
2
-11
-22
-19
-21
-1
-13
-9
12
12
23
-5
12
2
-22
9
-2
19
-11
17
-14
10
-9
0
18
-17
1
-20
-7
2
14
22
-13
-7
1
-22
-5
9
-7
13
-7
12
-2
12
4
16
20
7
14
-20
18
-22
19
-10
-4
7
-28
20
24
-6
19
9
12
-13
6
30
14
-18
-16
-11
3
-16
7
-17
-7
21
-14
1
-2
-15
-28
14
-13
-18
-1
1
24
-16
2
-5
23
-10
1
-19
27
33
10
-3
-6
-21
-11
-14
-3
7
-15
22
14
-17
-10
8
-15
-2
30
-26
2
13
24
-10
14
-19
19
21
-17
9
-29
17
-1
3
18
-26
8
4
0
7
16
-7
-16
10
15
-1
5
-8
20
22
-9
14
12
-18
-9
2
-18
4
-3
-9
-20
4
23
-13
-3
-14
7
1
28
19
10
30
18
-30
12
2
-5
6
-34
16
-28
-16
-6
-11
-28
4
-19
-27
3
-11
1
27
0
10
6
8
-9
21
20
14
15
10
-2
-2
-19
-2
5
1
-22
8
-5
-18
14
-25
-2
4
-1
11
2
-2
8
-2
23
-21
-11
-22
-4
1
-11
15
17
-2
-3
2
-20
-2
15
-4
9
-23
-4
-16
-18
17
-25
21
-12
17
5
9
-15
11
-1
-3
-20
-15
19
-11
21
-18
20
-2
-10
-20
17
19
8
-10
14
-13
-20
14
-9
1
-29
-10
-22
26
16
-11
3
-4
15
23
-24
-1
8
17
23
14
8
25
-32
-3
-5
7
-6
1
19
-3
-11
4
-8
11
16
-13
-14
0
17
-7
17
9
11
0
-16
-2
3
-11
-16
1
-2
-14
0
8
-4
-3
-13
22
-25
-11
-27
2
0
3
-15
-6
17
23
4
-20
9
-18
10
18
24
-28
-10
-9
-15
19
-19
-13
-11
-6
4
-14
-11
36
-4
5
-11
13
25
-6
-12
-18
23
2
-14
-5
-11
-14
2
-15
-11
-9
-4
18
15
1
-1
-5
23
25
-8
-5
-3
1
-10
-3
25
13
19
-7
-7
3
-13
6
-15
8
6
-4
-5
-20
-10
-7
22
8
10
-9
27
-2
0
1
15
-1
-15
-1
-28
0
-31
-15
-7
-14
-17
22
-5
14
0
9
13
22
-21
3
30
-30
-35
-8
-7
15
-2
-23
-10
-9
2
-28
-2
-22
15
-10
-12
18
39
11
3
7
-12
-25
-6
-14
2
1
20
-24
15
-13
6
-4
31
3
12
-17
29
15
-3
-15
10
-5
-28
7
-8
27
-12
-4
9
-11
6
20
-20
13
13
23
-18
2
-20
4
-10
2
-11
-6
17
29
-8
-19
5
20
2
21
-5
1
10
13
-3
-1
13
5
-31
-28
8
-27
-11
17
10
-35
15
-25
-15
0
-9
4
-13
-13
-2
-15
-13
-15
20
-37
-8
12
9
-14
0
5
26
15
4
4
16
8
-26
4
15
-11
-23
18
-13
11
-1
10
14
-15
-20
8
6
-19
3
-10
-14
-3
13
-25
0
24
-33
-11
-24
8
10
-28
3
-7
12
-25
-2
-27
9
-34
15
-26
18
-4
-24
17
-26
17
31
34
-18
-16
-25
6
-1
-6
4
37
19
7
44
-8
11
12
28
-13
21
7
35
7
23
-1
20
2
10
0
-9
7
6
13
5
-13
-4
10
27
23
-14
8
-12
2
-18
4
7
22
-17
-14
-10
14
-15
-28
20
7
23
16
15
-21
-1
-12
-20
7
11
-16
-2
-39
24
5
-28
27
32
-7
-4
-18
-10
19
24
0
-13
-10
-13
35
13
21
-21
12
15
-5
-5
8
-9
3
17
-17
-12
4
22
-9
19
4
-13
-7
-19
20
32
-8
20
-13
-22
-21
-19
-4
-6
37
8
4
-28
-14
-34
-1
15
26
1
-6
-34
-35
8
-13
-28
1
3
-3
-1
7
-13
-13
4
-19
8
-11
-7
12
-39
11
-6
36
-57
-36
-25
-23
-21
-13
-30
11
13
9
6
23
11
24
7
-4
0
-4
20
-3
5
7
1
-3
17
-15
-27
1
-3
-7
-16
0
-13
20
13
-23
-16
-10
14
-11
23
24
-33
-2
-20
24
24
12
6
-13
-12
-15
-19
1
11
20
8
25
13
18
2
12
23
31
-3
-10
-2
-23
-20
-13
-21
0
20
-10
12
-23
-15
-10
10
-6
10
17
-20
-22
3
-2
0
-11
5
-19
-10
2
-15
-14
23
9
7
-1
-28
19
-17
10
-19
-8
26
2
2
-19
-13
-7
-2
23
28
-26
15
11
3
-33
-16
-1
6
-25
-30
-31
12
-12
-23
-10
-31
-3
-11
-12
-27
-38
38
-28
21
11
-24
10
2
35
-4
-35
-39
-32
1
-42
-34
1
-4
17
1
19
11
47
-13
13
25
14
-4
-8
-5
-17
3
-4
4
8
-6
-11
-13
19
-3
-8
13
-3
-22
-4
9
-23
1
-21
11
-10
19
-32
12
-10
15
-3
-15
27
-17
-17
-13
0
12
25
10
0
4
4
15
-22
6
23
7
12
10
-16
-2
-15
-3
-15
-15
-7
26
26
1
19
-28
-25
10
-5
15
11
2
-18
8
-15
7
16
-25
7
9
19
-13
-23
24
5
15
19
5
1
23
-3
-6
-6
14
-11
-20
11
10
1
-14
-14
9
6
-8
21
0
-14
4
-11
-16
-6
-35
-48
36
-1
-35
8
5
7
-12
0
-4
-27
32
-40
-1
-4
-21
2
-34
27
-16
1
-37
5
-41
-30
-39
8
-5
26
27
-3
23
16
17
8
-3
-17
-52
1
11
-28
-21
-13
6
13
-12
4
5
-8
-14
8
0
-16
12
0
-10
-24
8
12
-14
10
1
1
14
-12
21
-4
26
0
31
-19
-23
12
-20
15
-2
-21
-4
-7
-12
1
-13
-1
-17
12
2
28
9
-5
1
-21
-24
-20
9
-28
-8
-37
27
-19
-27
21
-37
10
-32
-25
-19
-30
5
-34
0
12
-28
14
-19
21
9
-2
10
-11
-1
2
-22
7
16
1
19
16
15
4
20
4
23
7
-3
15
6
5
-4
12
7
-12
-24
-2
-21
-11
3
-28
-3
23
10
-9
-19
-20
-30
-12
29
-24
20
-25
-8
-17
11
-7
23
6
-3
-8
-12
1
-6
0
-9
37
13
-14
17
-10
-22
-24
13
14
-24
-6
35
-8
-21
-22
-5
-5
8
13
5
-27
7
4
-12
-8
2
6
-26
-16
19
8
17
2
2
14
24
-35
-2
3
22
7
-14
-13
-28
-10
-29
21
4
-2
15
-3
-8
3
16
-7
-6
27
-8
-15
5
-19
-31
14
1
17
-15
30
-8
5
10
11
18
-2
10
-19
-6
16
-8
24
2
-4
0
-24
-21
14
0
-29
16
33
-33
-28
-18
1
6
-21
12
-26
4
-6
-14
-44
0
-7
-15
-30
7
18
9
20
2
15
-3
3
-28
-29
-29
-28
38
-13
-23
-6
-24
-25
-30
-9
-43
-3
25
-26
8
-19
-7
7
-6
30
10
-25
-45
-30
6
-39
-23
3
13
19
10
20
4
-11
26
30
-9
-24
-13
15
2
6
23
0
-16
2
6
2
8
-12
8
0
-2
-19
14
-13
-28
-6
17
15
7
5
11
23
11
-6
-16
0
-8
-5
19
-5
-33
-7
-22
0
8
-4
31
-1
12
25
-7
26
6
-17
-5
-1
-2
-25
-36
4
22
20
-27
0
-26
-28
4
-22
-9
6
-4
-15
-15
-21
-18
12
4
-6
13
-42
13
-11
3
-3
-9
-1
-38
-15
-7
-1
26
-25
18
10
26
-6
10
-13
-14
-1
-5
10
-21
-3
-4
15
14
4
5
9
-10
0
8
-13
9
-6
27
26
7
-10
-18
13
11
-1
-2
-1
-18
27
7
-8
-2
1
16
-12
-9
-7
-2
16
14
-10
25
-27
-7
-6
-12
4
5
-23
-2
23
26
-20
1
22
-6
-12
-17
4
2
-6
-7
-4
18
-12
-5
12
-1
-26
-6
5
-32
-32
28
-32
30
-2
-51
-40
-18
30
-26
-1
-26
8
-37
-40
-9
-27
-18
18
26
-18
10
31
11
2
-3
3
-27
12
-9
-5
-16
-4
24
-13
-21
22
-8
-1
-23
19
9
-15
20
-21
5
-25
-15
9
-7
5
9
8
17
1
-11
-8
-20
-16
-2
-19
21
12
-1
8
-7
-17
27
-26
-22
-16
-25
4
7
7
-16
16
-27
-2
-2
15
1
10
15
-9
20
11
4
-23
20
15
26
22
17
-15
19
-11
-25
3
-16
-1
1
5
10
-13
16
-2
-5
14
-13
-14
-5
18
21
1
-7
14
-21
-8
13
5
-21
5
24
-11
-24
3
2
-2
-16
-9
7
-8
-24
-13
5
-30
-11
-9
-47
10
-40
-13
-38
-17
10
-34
6
11
-30
-39
-37
39
13
14
-14
-6
-14
-45
17
1
-25
8
14
-22
18
38
19
39
19
-9
-1
-30
33
-6
-14
0
4
-15
23
19
9
15
-8
-1
27
18
-13
-28
15
22
26
12
-16
-4
-30
23
15
21
17
-27
5
-15
11
26
14
-17
11
19
-21
-16
-7
4
-20
-35
0
16
-24
0
-8
8
-40
1
-9
-9
7
-6
-20
-4
-9
7
0
-16
19
8
13
13
-19
-22
18
21
-18
-12
-13
19
8
-21
-27
10
17
19
13
15
-6
13
-18
1
19
-15
-3
5
2
-25
-5
14
-10
-2
9
-13
-2
13
-1
15
-30
-13
16
4
18
5
-6
13
10
-19
0
-25
6
-27
-3
-14
-22
13
12
10
-17
0
21
-9
-3
32
-19
-2
-19
4
-13
18
12
-9
31
10
-19
-28
-15
-8
-14
-8
0
-27
-14
24
12
8
-9
-15
-21
12
11
-18
3
-23
-22
14
-18
-16
-7
-12
17
-6
-9
-9
-3
14
-20
16
-3
-6
-13
14
20
-22
10
-10
-6
4
9
-1
29
2
12
18
-17
16
15
-4
-10
9
-21
17
0
6
23
-13
-11
-18
14
-11
0
-13
-22
17
3
-12
16
-34
-9
-1
-10
9
-15
-3
2
-6
8
-6
-9
-19
0
-20
-13
22
13
-2
14
-2
-1
-12
7
22
0
15
-2
3
10
20
7
-12
-11
-2
-26
-10
0
1
-21
-25
21
-26
-13
13
-32
14
-4
-26
-31
-20
19
-18
33
8
-33
-36
-39
22
12
32
-14
-1
7
-13
-20
13
-34
30
-10
3
10
24
19
-2
18
13
-19
-25
9
-15
-10
9
29
-10
-23
-9
4
-14
-21
-18
-5
20
3
-26
8
17
-1
23
-9
-14
-12
10
27
13
-5
-23
7
7
22
23
21
22
-17
16
-10
-26
-15
-15
-4
2
-3
-8
-24
3
-6
25
-3
-3
22
-8
-10
2
3
14
-7
5
3
-12
-12
17
-3
23
14
-33
10
-2
-3
-7
-2
-5
8
-11
-3
2
15
-18
14
-26
2
-22
9
20
5
1
8
27
-5
-8
-10
26
6
13
-5
12
7
-5
-18
0
25
-9
13
4
-2
9
-14
-3
-4
11
2
-5
23
-5
6
-12
0
6
-6
4
-9
-12
-6
-22
17
6
-6
13
22
16
18
9
26
-19
16
7
-18
-4
-13
-8
-15
13
-19
-20
-27
30
2
-3
-2
-3
9
-6
-16
0
23
18
-10
16
-27
11
17
-1
4
-27
26
-14
22
-13
-4
19
0
-11
27
-8
-26
-13
10
7
-20
11
-6
6
-7
-8
-4
1
-17
1
27
-8
20
-6
10
3
-1
5
-16
-18
-15
18
7
21
-10
-17
-7
-6
-19
-6
24
-4
7
-18
2
-16
-13
10
-14
-3
-7
14
-4
12
-10
-15
5
5
10
25
-13
-9
19
13
7
14
10
18
15
-13
-15
-21
3
3
-18
-9
-26
-9
24
17
-4
18
-5
-17
23
-16
-24
-1
-2
1
-23
12
-3
5
-15
31
27
5
5
-30
5
-10
3
13
21
12
10
30
-6
-23
-10
-32
-4
12
-18
24
-22
-9
20
12
10
6
6
-6
-5
-15
9
19
17
-1
-18
7
16
-1
-11
-1
8
-38
6
-13
-26
-12
-8
2
1
12
-3
-20
7
8
20
-29
0
14
-6
8
-1
2
23
-7
-23
2
6
14
-15
0
-15
16
-26
13
21
-24
-39
-12
-4
2
6
16
-8
-8
1
-6
-16
-19
9
1
15
-8
5
-13
-7
10
12
-13
2
13
-2
17
1
-11
-32
1
-1
8
-21
-2
36
-10
15
-19
-5
33
15
-7
9
3
-4
1
-6
8
-1
9
-22
28
5
-9
-16
-4
-16
15
0
-7
-9
-27
14
25
-9
9
-5
-2
-1
-7
6
-6
-9
9
-11
-6
-21
22
16
-2
2
-5
17
-29
-17
5
11
9
-13
-10
15
13
15
9
11
18
24
-4
1
-26
2
8
9
15
19
29
18
3
-4
3
19
-9
-28
-6
-23
14
11
15
25
-23
-10
-1
10
-1
-5
22
19
6
3
-2
-19
26
3
-19
-9
25
2
-15
8
20
-2
-21
-1
-26
-3
-24
-5
36
14
-21
-34
-25
22
-6
17
-17
-16
10
-14
25
-11
9
5
5
23
33
6
-23
-15
-17
24
-15
13
2
2
-8
-3
-24
-6
3
-10
-10
-1
1
0
-19
-8
-12
-24
14
-9
19
21
-23
5
-26
10
-13
13
2
3
-6
-15
-20
13
-7
13
6
-15
10
-27
-26
25
-8
-1
-10
20
10
-15
-22
12
8
-7
8
-24
5
-15
-6
-13
10
-26
-3
-16
-9
11
10
-23
-14
3
-20
-5
5
3
1
3
-3
-14
24
17
-8
-4
-15
-8
7
17
-12
-5
-9
-14
12
-27
12
19
-21
-1
-14
10
9
-13
24
3
14
14
-30
18
-2
5
-10
13
-6
-3
18
-20
-7
-13
-2
11
7
-17
2
-13
30
6
-9
-2
-28
20
30
-25
-36
3
17
-13
16
2
9
6
10
12
21
20
4
-8
-3
6
17
-25
20
2
-17
-2
14
23
-12
-17
-19
14
-10
-11
-20
-19
-26
-19
-20
9
-28
33
-12
4
-10
22
-11
-10
24
-28
10
6
21
-3
-7
14
-18
-19
-3
1
-18
1
23
-17
-22
8
-4
13
4
10
-11
-12
22
32
-24
13
-20
-5
-9
-21
20
-8
-5
12
-8
-20
24
-9
-9
6
-21
10
20
-3
0
5
-8
27
7
17
-16
18
17
-6
-20
-22
-2
-29
-2
-1
7
5
-29
9
26
17
19
12
19
18
-11
23
-24
5
-14
-17
-14
-25
31
-13
5
-24
19
-26
-4
-17
-21
14
-30
17
-1
-32
-3
7
-2
-25
9
-11
-9
14
-8
-12
8
14
-8
5
6
-1
-10
-8
-8
29
-12
2
5
-23
7
-18
4
-4
26
3
10
15
4
-21
-15
27
-5
-8
20
2
-25
18
-24
27
3
24
-27
-5
2
-27
19
8
-3
18
11
21
-28
-19
18
0
15
11
3
13
-8
-25
15
10
-1
4
3
2
-1
3
16
-10
-30
11
-4
-13
2
-15
13
-20
4
27
22
-12
1
-21
-26
3
-27
-16
-4
-16
16
5
-16
15
-9
-24
-4
14
-34
-11
19
21
3
6
18
2
-6
2
-6
31
18
1
16
-3
6
8
9
-12
4
1
5
6
13
-15
5
2
20
-13
-13
24
-27
-3
-25
-25
24
3
0
-56
-7
25
13
-19
4
-26
-7
-16
-19
-21
-32
15
-37
34
-38
11
-22
-9
15
-5
-3
-22
-17
10
-16
-18
-17
16
12
19
-14
40
25
25
15
14
9
-6
-27
13
-24
-10
11
6
12
15
-19
-2
-14
-22
26
6
30
-9
10
26
9
7
0
-15
-8
5
2
26
-1
18
-2
8
-14
2
21
24
-3
-18
-19
4
-22
23
-20
-11
-22
-25
-12
-22
10
-5
26
-20
-8
23
-6
-12
-3
15
25
-6
-7
-9
4
-6
20
11
-10
-12
-26
6
8
-7
-9
7
-14
-9
1
20
-4
22
-10
-4
-2
15
-5
13
29
5
-15
-7
-2
-10
15
-17
18
-20
2
12
6
6
-11
0
-13
-8
11
-18
-6
-39
-45
31
15
-4
19
-4
38
-3
-24
-34
-25
10
-22
10
-3
24
-29
-24
11
17
27
-11
9
16
-14
-32
-22
-21
10
24
-10
-9
12
-21
-19
8
-2
15
4
21
-11
17
-21
-26
6
1
-23
-3
-29
22
-4
-11
-8
-13
14
7
-10
-31
-17
9
-21
22
10
4
-13
-7
15
19
39
-10
-24
-18
-8
17
2
-25
2
5
5
20
13
-13
17
19
-17
-29
-3
8
-21
-10
12
-23
-33
-3
4
-4
0
-17
-27
-23
19
-18
-12
6
-15
-22
12
12
-25
6
3
6
4
17
19
23
-16
-12
17
14
-7
-15
6
13
7
1
10
14
10
-26
20
-3
14
9
-4
-10
5
-9
13
-26
-6
-5
-9
-8
-41
32
2
-26
8
-32
-10
10
-17
4
-52
20
-50
20
-17
-28
-17
-19
39
0
17
3
-3
-9
-15
-16
-11
-12
21
18
-12
27
15
11
11
18
-27
-35
-29
13
-13
2
2
14
-3
5
-10
-1
-27
-8
-20
11
-12
16
20
-5
0
-11
10
13
0
13
-22
-12
-28
-2
6
-13
3
-19
-16
-13
30
13
16
14
23
0
-5
5
-17
-12
-17
12
18
-7
-8
22
-14
5
16
1
2
-14
4
-5
-11
-31
-19
-9
7
-10
-8
-7
-12
8
20
-22
-2
2
2
-19
8
24
-22
15
5
-1
-8
14
14
9
-5
-6
-36
2
17
5
3
-24
-6
-22
10
0
24
-21
23
-11
-34
7
2
9
-22
-8
-8
21
-21
-20
13
-16
9
-1
-3
-19
-4
28
-44
30
-7
8
-44
-20
-5
-5
19
-26
-10
-3
-41
-21
0
-17
7
-8
7
23
29
19
26
25
-7
-36
-2
13
-30
-22
-17
-9
-3
17
14
21
-6
-26
-23
-13
-1
-3
-5
-15
-3
8
9
-27
23
-6
6
9
10
25
2
-10
25
-18
-20
-25
16
16
-3
-16
-12
31
-27
-6
-14
21
14
-22
23
-22
-24
9
-8
-23
0
-37
2
-3
-17
-17
-2
-4
-27
-4
18
-20
14
-33
-17
-32
-18
22
-1
17
10
-28
16
13
23
-9
14
13
-20
-23
-32
-3
-3
1
5
-13
19
0
11
-2
25
2
14
11
-7
19
13
-22
14
-12
-26
5
3
-35
7
18
5
-4
13
-22
-1
12
-16
13
-10
37
-11
20
-11
2
-1
-13
15
18
4
-18
1
-22
-28
-11
11
-21
28
5
10
35
-22
10
4
20
6
19
-4
6
-6
5
-32
-13
-12
-17
-10
3
13
-3
3
5
-14
-39
-36
7
-5
-29
14
14
-6
14
4
18
-4
16
19
-15
27
10
6
0
-5
-17
8
-15
1
17
9
-3
-20
-1
21
4
-12
1
-26
-7
-1
11
4
7
-1
-14
-24
12
22
-14
25
-19
-6
18
21
-19
10
20
-3
-6
5
-24
-10
21
-17
-27
12
8
-4
6
-13
13
-17
-7
-14
12
-9
-5
6
-11
-20
-27
-13
-8
-17
-17
1
-26
24
-23
15
3
-9
7
-30
-18
-21
10
-6
-27
-32
4
11
-20
7
-41
-45
3
-31
12
-15
-34
-55
-49
19
-4
25
-6
-21
-26
-34
0
-14
-15
33
12
3
18
17
0
-4
16
1
-25
0
6
16
0
21
-2
-1
1
-21
-1
5
21
-21
4
20
-15
-25
-10
-16
10
-10
6
-2
-6
14
12
4
8
4
-2
13
-13
-21
-13
13
24
-3
-26
-4
22
-14
0
8
3
35
9
-10
-30
16
-2
-17
-10
-25
2
5
-14
-16
-8
-11
-11
6
-14
-23
16
-6
-16
-21
-3
-21
14
-4
23
-5
-1
-13
-19
-4
-14
1
-20
-21
8
19
-3
4
1
-7
6
-5
11
5
12
-32
20
-23
-13
23
-18
9
-17
17
-8
-31
0
1
0
-25
14
-7
6
13
14
-28
12
5
15
-18
-15
4
-4
-1
-14
34
23
-15
14
-28
10
13
4
-19
5
20
-8
-9
16
20
0
6
-23
14
-15
-11
-20
-13
-4
9
-10
-4
