2
-26
18
26
25
-4
23
-1
23
14
21
16
1
0
18
-9
-11
-21
-14
13
22
-8
-3
4
9
-7
5
12
17
-9
2
-4
-26
2
6
9
24
-7
4
8
19
-6
4
-6
22
24
13
-15
24
-1
-18
12
-19
-2
13
11
-11
17
-13
-8
-11
3
10
17
-15
-12
23
-4
10
3
22
0
7
19
-16
-14
15
17
-25
-4
-5
-18
5
-18
23
17
23
23
-16
-17
20
-13
9
26
-19
9
-2
8
10
7
-22
19
19
-23
26
2
-7
17
-18
13
19
23
-5
-9
-14
18
-4
5
3
15
22
-24
22
19
14
1
16
3
-12
2
15
-25
20
18
8
23
-3
-19
-16
2
-13
-10
19
23
-26
-20
13
-21
-23
18
-6
-10
16
-12
-17
-23
23
18
-5
-22
22
-11
2
-1
25
21
-26
9
20
19
25
-7
5
25
17
-3
-18
15
-3
15
18
-1
-25
-25
-24
-9
15
5
14
25
12
5
