158
79
27
120
31
31
260
97
39
27
51
145
129
148
59
188
82
77
52
48
148
137
176
54
30
135
43
71
39
59
56
46
45
29
38
130
66
45
102
35
74
44
109
91
46
38
32
22
146
101
156
59
40
91
91
42
90
211
41
118
107
17
64
59
77
25
74
146
68
166
23
65
99
41
79
41
78
110
124
197
63
86
104
200
70
101
129
76
114
80
154
95
178
84
21
33
115
27
51
38
65
63
126
77
18
41
110
28
118
20
29
26
32
59
116
33
90
52
25
65
83
41
131
139
55
134
99
46
114
44
159
100
42
55
42
72
225
58
126
172
62
115
24
159
41
20
174
27
57
50
58
22
29
75
35
85
83
131
54
70
33
27
51
131
36
71
34
32
235
33
126
55
143
44
23
22
57
73
49
53
94
71
84
95
119
187
127
247
104
36
53
354
