-66
-291
43
-208
14
39
-116
-169
-74
9
114
-141
-148
193
-69
-182
-88
-392
-79
39
-67
187
-268
-33
-26
-118
68
-84
-42
-67
-32
32
-84
-33
22
-180
131
-84
-123
-56
-173
-32
-148
-118
-24
27
-74
-34
-230
-92
-189
-141
-112
-138
-94
-93
-134
-159
3
-109
-36
109
187
-41
-179
26
-114
-262
-128
-98
9
-86
-123
98
-180
-91
215
-257
-238
-89
160
-110
-190
-198
-107
-43
-7
-32
-194
-89
-167
-146
-355
2
-90
33
-189
-22
-63
-75
-145
-55
-153
-114
110
12
-138
165
-180
182
32
-2
310
-116
-255
-17
-63
-35
-18
-68
56
-151
-259
-35
-144
-94
-126
-71
132
-53
-366
-85
14
88
-55
-73
-221
-211
155
-41
146
-159
-30
158
-38
58
-147
-23
-137
-8
-81
85
-52
173
7
-192
-158
-69
-44
-250
35
-36
-95
-234
-27
-116
-12
3
-135
62
-89
-67
-256
-35
60
-38
153
208
-50
-57
-57
162
-384
-129
-178
-219
-104
-130
-129
51
-46
-250
