-7
2
0
5
-1
4
-12
6
0
11
-6
12
-11
-11
11
-13
0
50
4
0
-7
-4
-18
7
1
-8
-9
8
3
-7
6
-6
-3
-19
0
8
-12
3
-1
1
7
0
0
11
-1
-2
-1
-7
-42
8
-15
32
2
-13
5
2
8
-12
-2
-8
9
-9
-9
9
-2
-6
13
-2
7
-12
5
8
4
-10
-21
-2
-12
16
-88
-9
-12
-9
9
-16
11
-10
-8
5
9
0
4
-10
-48
5
2
-1
-15
2
7
-10
-10
-2
17
10
-10
0
10
-15
-14
-8
-4
2
-28
4
-20
7
1
6
6
0
-3
7
-43
-13
14
7
2
-2
-7
5
-19
16
0
-6
10
-12
-13
10
-10
10
-16
11
-4
-9
1
-9
-11
1
-2
11
7
-12
0
-13
-5
6
20
-5
8
39
4
6
-2
-55
-3
8
-2
-4
-17
-8
-8
-2
-39
1
-5
-5
-10
-11
0
4
11
-6
17
5
-10
-14
6
-10
8
-5
1
-15
