250
252
252
257
251
253
250
250
249
252
251
253
252
248
249
247
250
250
250
249
250
253
249
253
250
248
246
253
251
246
249
249
251
252
252
253
246
248
256
249
249
247
254
253
250
252
246
249
263
249
246
248
250
257
249
248
252
248
247
250
252
247
250
251
254
251
250
254
247
247
251
250
247
249
260
246
248
256
275
248
246
248
254
252
246
247
246
249
254
248
249
248
261
250
250
248
260
248
252
246
249
248
255
250
250
246
252
245
245
252
250
249
253
253
252
252
250
250
249
249
252
251
261
245
254
247
253
250
252
251
263
252
248
250
252
245
248
252
250
251
247
253
250
249
246
247
251
248
252
252
247
249
247
249
250
250
253
257
246
244
253
253
251
259
249
253
249
251
246
248
248
250
259
252
251
252
249
248
252
249
253
251
261
249
252
248
252
248
247
250
249
252
